timestamp,open,high,low,close,adjusted_close,volume,dividend_amount,split_coefficient
2018-08-14,116.9000,117.7800,115.9400,117.5700,117.5700,990733,0.0000,1.0000
2018-08-13,117.1600,118.0300,116.4900,116.5800,116.5800,1064054,0.0000,1.0000
2018-08-10,117.9600,118.0300,116.6300,117.1400,117.1400,1477495,0.0000,1.0000
2018-08-09,119.5000,120.1800,118.7400,118.8900,118.8900,540526,0.0000,1.0000
2018-08-08,118.9000,120.1700,118.2100,119.7000,119.7000,464922,0.0000,1.0000
2018-08-07,118.8900,120.7500,118.7250,119.3600,119.3600,707864,0.0000,1.0000
2018-08-06,117.3100,118.7900,117.1100,118.5500,118.5500,569973,0.0000,1.0000
2018-08-03,117.9600,118.1100,116.4000,117.4000,117.4000,611301,0.0000,1.0000
2018-08-02,116.5400,118.4600,115.7500,117.4400,117.4400,1124764,0.0000,1.0000
2018-08-01,119.0500,120.2200,114.3000,117.2700,117.2700,1976589,0.0000,1.0000
2018-07-31,118.1200,119.7200,117.6500,119.0800,119.0800,1659602,0.0000,1.0000
2018-07-30,119.2300,119.7650,117.1900,117.3800,117.3800,1298755,0.0000,1.0000
2018-07-27,121.8900,122.3100,118.0500,119.0100,119.0100,1199825,0.0000,1.0000
2018-07-26,124.7500,124.7500,121.2400,121.6000,121.6000,1575250,0.0000,1.0000
2018-07-25,119.8000,125.3500,118.6566,124.8100,124.8100,1385030,0.0000,1.0000
2018-07-24,121.7400,122.7500,120.5000,121.3000,121.3000,1235032,0.0000,1.0000
2018-07-23,120.0800,121.5600,120.0101,121.3100,121.3100,848967,0.0000,1.0000
2018-07-20,120.3900,120.5600,119.3400,119.8600,119.8600,754131,0.0000,1.0000
2018-07-19,121.9800,122.1500,120.1594,120.7500,120.7500,710032,0.0000,1.0000
2018-07-18,120.8400,122.2100,120.5000,122.1500,122.1500,915248,0.0000,1.0000
2018-07-17,120.3400,121.1900,119.8100,120.4100,120.4100,555323,0.0000,1.0000
2018-07-16,119.6900,121.1748,119.4500,120.3800,120.3800,936501,0.0000,1.0000
2018-07-13,119.4800,119.9500,118.4700,119.2300,119.2300,1033675,0.0000,1.0000
2018-07-12,119.8600,120.5500,117.9400,119.9000,119.9000,1465016,0.0000,1.0000
2018-07-11,118.0300,119.1700,117.7500,118.3700,118.3700,1149306,0.0000,1.0000
2018-07-10,117.6000,119.1600,117.0560,118.7400,118.7400,1080647,0.0000,1.0000
2018-07-09,116.2200,118.0400,116.0200,117.8500,117.8500,925171,0.0000,1.0000
2018-07-06,115.4000,116.5700,114.6200,115.5000,115.5000,994108,0.0000,1.0000
2018-07-05,116.6900,117.2300,114.7000,115.4900,115.4900,755058,0.0000,1.0000
2018-07-03,117.3100,117.6200,115.4300,115.7300,115.7300,763350,0.0000,1.0000
2018-07-02,115.4500,116.8000,114.7000,116.5200,116.5200,1179963,0.0000,1.0000
2018-06-29,116.4900,118.7600,116.0700,116.0900,116.0900,1286595,0.0000,1.0000
2018-06-28,115.8600,116.2400,114.4000,115.6800,115.6800,1060919,0.0000,1.0000
2018-06-27,118.5100,119.1600,115.5900,115.6000,115.6000,1636767,0.0000,1.0000
2018-06-26,119.8800,120.5400,118.3700,118.6500,118.6500,1325858,0.0000,1.0000
2018-06-25,122.6700,122.6700,119.2400,119.7400,119.7400,1502188,0.0000,1.0000
2018-06-22,124.3700,124.3700,122.7900,123.0000,123.0000,3973399,0.0000,1.0000
2018-06-21,124.0100,124.3200,122.4100,123.6700,123.6700,819351,0.0000,1.0000
2018-06-20,123.7700,125.4000,123.7700,124.4400,124.4400,790357,0.0000,1.0000
2018-06-19,122.7100,123.2750,121.9500,122.9300,122.9300,981263,0.0000,1.0000
2018-06-18,123.5600,124.3200,122.9100,123.7100,123.7100,1155889,0.0000,1.0000
2018-06-15,123.4300,125.1200,122.6400,124.6900,124.6900,1783024,0.0000,1.0000
2018-06-14,124.9300,125.6100,123.2900,123.6600,123.6600,1115998,0.7000,1.0000
2018-06-13,126.5200,127.0500,125.0100,125.3200,124.6146,808040,0.0000,1.0000
2018-06-12,126.4900,127.0400,125.4200,126.2400,125.5294,801477,0.0000,1.0000
2018-06-11,126.4400,126.8250,125.6900,125.8600,125.1516,645413,0.0000,1.0000
2018-06-08,124.8000,126.1700,124.2500,125.9800,125.2709,645763,0.0000,1.0000
2018-06-07,126.2700,127.4300,124.3150,125.2200,124.5152,1003669,0.0000,1.0000
2018-06-06,123.0700,126.4200,123.0700,126.1900,125.4797,1364024,0.0000,1.0000
2018-06-05,122.9300,123.6200,122.1100,122.5200,121.8304,839679,0.0000,1.0000
2018-06-04,123.5600,123.8400,122.6000,123.1900,122.4966,925888,0.0000,1.0000
2018-06-01,122.4600,123.1300,121.9000,122.9000,122.2082,895503,0.0000,1.0000
2018-05-31,121.5800,122.9500,120.8000,121.4200,120.7365,1978236,0.0000,1.0000
2018-05-30,119.7700,122.9900,119.1060,122.2900,121.6017,1360746,0.0000,1.0000
2018-05-29,120.1400,120.6950,118.3000,118.7300,118.0617,1181447,0.0000,1.0000
2018-05-25,120.6500,121.7800,120.2800,121.3800,120.6968,605525,0.0000,1.0000
2018-05-24,121.6100,121.6900,120.0400,121.3800,120.6968,764495,0.0000,1.0000
2018-05-23,121.6600,122.1500,120.5100,121.5500,120.8658,1018838,0.0000,1.0000
2018-05-22,122.0000,123.4700,121.8300,122.6600,121.9696,793899,0.0000,1.0000
2018-05-21,121.3300,122.3600,120.7900,121.9400,121.2536,732738,0.0000,1.0000
2018-05-18,119.6000,121.0200,116.0700,120.5900,119.9112,1271239,0.0000,1.0000
2018-05-17,120.3400,121.0500,119.2800,120.6300,119.9510,1053041,0.0000,1.0000
2018-05-16,119.7100,121.8000,119.3700,120.7500,120.0703,1795854,0.0000,1.0000
2018-05-15,117.1000,117.9400,116.6800,117.1400,116.4806,1119790,0.0000,1.0000
2018-05-14,118.5600,119.4700,117.4100,118.0100,117.3457,990595,0.0000,1.0000
2018-05-11,117.8600,118.8000,116.6600,118.2200,117.5546,844413,0.0000,1.0000
2018-05-10,116.8700,118.3700,116.0600,117.5900,116.9281,1313051,0.0000,1.0000
2018-05-09,114.8800,117.5300,113.1000,116.6600,116.0033,2651513,0.0000,1.0000
2018-05-08,113.1600,115.0300,112.6000,114.1700,113.5274,1241514,0.0000,1.0000
2018-05-07,112.1000,114.0800,111.5700,113.4700,112.8313,1003411,0.0000,1.0000
2018-05-04,108.9100,112.6800,108.3500,111.9700,111.3397,939375,0.0000,1.0000
2018-05-03,109.7100,110.3500,107.2600,109.4400,108.8240,1137038,0.0000,1.0000
2018-05-02,111.1000,111.6700,110.3600,110.6000,109.9775,1281376,0.0000,1.0000
2018-05-01,111.9900,113.7100,110.3500,111.2500,110.6238,1503934,0.0000,1.0000
2018-04-30,114.5400,115.2600,113.7900,113.8200,113.1793,1447043,0.0000,1.0000
2018-04-27,112.3100,114.1700,111.7400,114.0200,113.3782,1409656,0.0000,1.0000
2018-04-26,111.6200,113.2500,109.8000,112.3000,111.6679,1560945,0.0000,1.0000
2018-04-25,108.3700,112.3900,107.5600,111.0000,110.3752,2085346,0.0000,1.0000
2018-04-24,109.4800,109.6100,105.9000,107.3700,106.7656,1920670,0.0000,1.0000
2018-04-23,109.1800,109.3700,107.9500,108.6200,108.0086,824765,0.0000,1.0000
2018-04-20,109.2700,109.5500,107.7600,108.4400,107.8296,1156107,0.0000,1.0000
2018-04-19,108.6100,110.1500,108.2000,108.8300,108.2174,1299702,0.0000,1.0000
2018-04-18,109.8200,110.1000,108.4400,108.8800,108.2671,1322048,0.0000,1.0000
2018-04-17,109.2700,110.2400,108.3400,109.2300,108.6152,1176398,0.0000,1.0000
2018-04-16,108.0500,108.4500,107.0600,107.9500,107.3424,1711249,0.0000,1.0000
2018-04-13,109.1400,109.1500,106.5500,107.1100,106.5071,1227596,0.0000,1.0000
2018-04-12,107.1800,108.9900,106.4100,108.0500,107.4418,965922,0.0000,1.0000
2018-04-11,105.4700,107.1100,105.1100,106.2000,105.6022,1826260,0.0000,1.0000
2018-04-10,106.5600,107.6200,105.9800,106.7400,106.1392,1215062,0.0000,1.0000
2018-04-09,104.9800,107.2900,104.7700,104.9300,104.3394,1395296,0.0000,1.0000
2018-04-06,106.2300,107.2000,103.2700,104.3800,103.7925,1512584,0.0000,1.0000
2018-04-05,108.5300,108.8700,106.9100,107.5300,106.9247,1067117,0.0000,1.0000
2018-04-04,104.4900,107.9300,103.5000,107.5700,106.9645,1691167,0.0000,1.0000
2018-04-03,105.0800,106.5000,104.2700,106.4400,105.8409,1487240,0.0000,1.0000
2018-04-02,107.5400,107.7900,102.8968,104.6700,104.0808,1737023,0.0000,1.0000
2018-03-29,106.1800,109.0400,105.2800,107.9700,107.3623,1255771,0.0000,1.0000
2018-03-28,106.7100,107.1100,104.7500,105.7900,105.1945,2136968,0.0000,1.0000
2018-03-27,108.8100,109.7200,105.5900,106.1000,105.5028,1966504,0.0000,1.0000
2018-03-26,106.7500,108.6900,105.5100,108.3400,107.7302,1596219,0.0000,1.0000
2018-03-23,108.2400,108.2600,104.4700,104.6500,104.0609,2852094,0.0000,1.0000
2018-03-22,111.1300,111.3400,107.4400,107.6400,107.0341,2577490,0.0000,1.0000
2018-03-21,112.3700,114.6500,111.5100,112.5800,111.9463,2923424,0.0000,1.0000
2018-03-20,113.7400,114.4900,111.6700,112.0000,111.3696,2999310,0.0000,1.0000
2018-03-19,115.3500,115.3950,112.0300,113.3600,112.7219,1625160,0.0000,1.0000
2018-03-16,115.5600,117.1600,115.4500,115.5400,114.8896,3551026,0.0000,1.0000
2018-03-15,115.7300,116.0000,114.6900,115.4100,114.7604,1036276,0.0000,1.0000
2018-03-14,117.0700,117.3250,114.8700,115.5000,114.8499,1421416,0.7000,1.0000
2018-03-13,117.2500,119.0700,116.6100,116.9700,115.6109,1484565,0.0000,1.0000
2018-03-12,117.6000,119.0000,116.9400,117.0900,115.7295,1037311,0.0000,1.0000
2018-03-09,115.0000,117.7800,114.8600,117.6000,116.2336,934667,0.0000,1.0000
2018-03-08,113.5300,114.4900,112.1950,114.1700,112.8435,886871,0.0000,1.0000
2018-03-07,111.8200,113.5900,111.0000,113.0900,111.7760,1162220,0.0000,1.0000
2018-03-06,112.1900,113.5500,111.5000,113.3600,112.0429,1041220,0.0000,1.0000
2018-03-05,109.6900,112.1000,109.3500,111.8500,110.5504,1219461,0.0000,1.0000
2018-03-02,109.5600,110.5500,108.1600,110.3300,109.0481,1414401,0.0000,1.0000
2018-03-01,112.2400,112.7000,109.3600,110.0800,108.8010,1753757,0.0000,1.0000
2018-02-28,113.3500,114.6200,111.8800,111.9000,110.5998,1856082,0.0000,1.0000
2018-02-27,114.1700,115.3900,112.3300,112.3900,111.0841,1357466,0.0000,1.0000
2018-02-26,112.2900,114.1900,111.7400,114.1500,112.8237,1315037,0.0000,1.0000
2018-02-23,110.8600,112.3200,110.4200,112.3000,110.9952,1460511,0.0000,1.0000
2018-02-22,110.8600,111.9600,110.2100,110.4200,109.1370,1289567,0.0000,1.0000
2018-02-21,110.2700,113.2500,109.7800,109.9500,108.6725,1809566,0.0000,1.0000
2018-02-20,109.7700,110.9700,108.7400,109.9100,108.6330,2118247,0.0000,1.0000
2018-02-16,108.9000,111.3100,108.1700,110.4900,109.2062,1368679,0.0000,1.0000
2018-02-15,109.0300,109.9400,107.0200,109.5600,108.2870,1740295,0.0000,1.0000
2018-02-14,105.0900,108.4100,104.5100,108.3200,107.0614,1272368,0.0000,1.0000
2018-02-13,103.9400,105.8800,103.2100,105.7300,104.5015,1861168,0.0000,1.0000
2018-02-12,104.4400,106.4000,104.1000,104.9300,103.7108,2250714,0.0000,1.0000
2018-02-09,104.0400,104.3100,99.3500,103.4100,102.2085,3206939,0.0000,1.0000
2018-02-08,106.7800,107.7700,101.8700,101.9900,100.8050,2485078,0.0000,1.0000
2018-02-07,106.9200,108.8800,106.3200,106.5200,105.2823,2213657,0.0000,1.0000
2018-02-06,101.9800,107.5500,100.6400,106.9700,105.7271,2929389,0.0000,1.0000
2018-02-05,109.4700,111.1100,104.6600,105.2500,104.0271,2050214,0.0000,1.0000
2018-02-02,111.3900,112.6800,109.5000,109.8900,108.6132,2181333,0.0000,1.0000
2018-02-01,110.6200,112.7200,110.6100,112.1600,110.8568,1464234,0.0000,1.0000
2018-01-31,112.4600,112.7250,110.3900,111.6300,110.3330,3983039,0.0000,1.0000
2018-01-30,115.0000,115.0000,111.0000,112.5100,111.2027,2165117,0.0000,1.0000
2018-01-29,119.9700,120.0700,117.2800,117.5500,116.1842,2083417,0.0000,1.0000
2018-01-26,117.8800,119.9900,117.1500,119.9900,118.5958,1424867,0.0000,1.0000
2018-01-25,118.1600,118.3100,116.7300,117.3500,115.9865,1100349,0.0000,1.0000
2018-01-24,118.6200,119.1200,116.5000,117.7100,116.3423,1178471,0.0000,1.0000
2018-01-23,117.5000,118.3600,117.0000,118.0800,116.7080,1144307,0.0000,1.0000
2018-01-22,117.8600,118.2400,116.8000,117.4000,116.0359,1349897,0.0000,1.0000
2018-01-19,116.3100,118.1900,115.8400,117.3500,115.9865,1676746,0.0000,1.0000
2018-01-18,116.0600,116.5700,115.5000,115.7900,114.4446,1247280,0.0000,1.0000
2018-01-17,115.0800,116.9050,114.5800,116.3800,115.0278,1567270,0.0000,1.0000
2018-01-16,116.5200,117.6400,114.3200,114.4700,113.1400,1646380,0.0000,1.0000
2018-01-12,114.0600,115.6200,113.9700,115.3500,114.0097,1360791,0.0000,1.0000
2018-01-11,111.8600,113.0700,110.3500,113.0600,111.7464,1953427,0.0000,1.0000
2018-01-10,111.9000,112.7000,111.2400,112.2700,110.9655,1041292,0.0000,1.0000
2018-01-09,111.1300,112.1700,110.6600,111.7500,110.4516,1324148,0.0000,1.0000
2018-01-08,108.2200,110.2200,107.5150,109.8800,108.6033,1638427,0.0000,1.0000
2018-01-05,105.5300,107.4200,105.3100,107.2300,105.9841,1034534,0.0000,1.0000
2018-01-04,105.1300,106.2000,105.0000,105.3100,104.0864,762730,0.0000,1.0000
2018-01-03,103.5000,104.6100,103.2600,104.4900,103.2759,1138350,0.0000,1.0000
2018-01-02,104.4400,105.0000,102.3500,103.0800,101.8823,1582110,0.0000,1.0000
2017-12-29,105.7900,106.1000,104.9300,104.9300,103.7108,654502,0.0000,1.0000
2017-12-28,105.1000,105.4400,104.7000,105.3400,104.1161,803703,0.0000,1.0000
2017-12-27,105.5500,105.8500,104.8900,105.0200,103.7998,1008602,0.0000,1.0000
2017-12-26,105.4600,105.5400,104.9250,105.3600,104.1358,553933,0.0000,1.0000
2017-12-22,104.6000,105.2900,104.1000,105.2400,104.0172,826784,0.0000,1.0000
2017-12-21,104.2800,104.9000,103.3900,104.6000,103.3847,1007411,0.0000,1.0000
2017-12-20,103.2900,104.8000,103.2900,103.7600,102.5544,1306914,0.0000,1.0000
2017-12-19,103.9800,104.2700,103.0750,103.1400,101.9416,1106081,0.0000,1.0000
2017-12-18,103.4000,105.3600,103.0000,103.4400,102.2381,1762403,0.0000,1.0000
2017-12-15,101.6000,103.0800,101.0300,102.5700,101.3782,3375520,0.0000,1.0000
2017-12-14,102.6100,103.1200,101.2300,101.5900,100.4096,1251026,0.0000,1.0000
2017-12-13,101.9100,103.2100,101.7300,101.9000,100.7160,1299067,0.5700,1.0000
2017-12-12,101.8000,102.9600,101.8000,102.6400,100.8831,2025280,0.0000,1.0000
2017-12-11,102.8700,102.8800,101.5800,101.8500,100.1066,1213132,0.0000,1.0000
2017-12-08,101.9500,103.3700,100.8900,102.7500,100.9912,1932944,0.0000,1.0000
2017-12-07,101.7800,103.0500,101.6800,102.7400,100.9814,1058411,0.0000,1.0000
2017-12-06,101.2000,102.4600,101.0500,101.7900,100.0477,1163410,0.0000,1.0000
2017-12-05,103.7700,104.4000,101.5300,101.6400,99.9002,1900343,0.0000,1.0000
2017-12-04,103.3500,103.6100,102.0700,102.8200,101.0600,2097236,0.0000,1.0000
2017-12-01,102.8200,103.5700,100.2100,102.7900,101.0305,1983620,0.0000,1.0000
2017-11-30,101.8000,103.8500,101.0300,102.9200,101.1583,2750071,0.0000,1.0000
2017-11-29,100.2200,102.2300,100.1300,101.2700,99.5366,2186741,0.0000,1.0000
2017-11-28,98.0800,99.8000,97.9700,99.7500,98.0426,1419476,0.0000,1.0000
2017-11-27,97.9500,99.0100,97.8000,97.9700,96.2930,1142830,0.0000,1.0000
2017-11-24,98.2200,98.3100,97.4900,97.8800,96.2046,488039,0.0000,1.0000
2017-11-22,97.5500,98.0100,97.0000,97.7200,96.0473,1117277,0.0000,1.0000
2017-11-21,96.9200,97.8400,96.2400,97.7300,96.0572,1550201,0.0000,1.0000
2017-11-20,96.0600,96.5100,95.4984,96.3000,94.6516,1057168,0.0000,1.0000
2017-11-17,95.3800,96.1900,95.2400,95.9800,94.3371,833211,0.0000,1.0000
2017-11-16,94.6200,95.7200,94.4301,95.5300,93.8948,924082,0.0000,1.0000
2017-11-15,93.9600,94.9700,92.8800,94.3500,92.7350,1008875,0.0000,1.0000
2017-11-14,93.0600,94.5400,93.0560,94.4800,92.8628,849013,0.0000,1.0000
2017-11-13,93.0300,93.4800,92.4071,93.4100,91.8111,1065353,0.0000,1.0000
2017-11-10,92.9300,93.7100,92.7050,93.5700,91.9684,873641,0.0000,1.0000
2017-11-09,93.0100,93.3200,90.9510,92.7200,91.1329,1245690,0.0000,1.0000
2017-11-08,93.5000,93.5800,91.6500,93.4900,91.8897,1447748,0.0000,1.0000
2017-11-07,95.2000,95.4600,93.3500,93.7600,92.1551,877720,0.0000,1.0000
2017-11-06,94.0500,95.0400,94.0500,94.9500,93.3247,1002444,0.0000,1.0000
2017-11-03,94.7600,94.9900,94.1500,94.5700,92.9512,847503,0.0000,1.0000
2017-11-02,92.8600,95.9200,92.4700,94.6300,93.0102,1917753,0.0000,1.0000
2017-11-01,93.4800,93.6400,92.4600,92.5700,90.9855,1025271,0.0000,1.0000
2017-10-31,92.3800,93.5000,91.8900,92.9000,91.3098,2412232,0.0000,1.0000
2017-10-30,93.6200,93.9000,92.2610,92.4200,90.8380,1844239,0.0000,1.0000
2017-10-27,94.7800,94.9800,92.0000,93.9800,92.3713,1746818,0.0000,1.0000
2017-10-26,97.0000,97.0000,93.2700,95.0700,93.4427,1689502,0.0000,1.0000
2017-10-25,96.6200,96.9100,93.9500,95.1500,93.5213,1813540,0.0000,1.0000
2017-10-24,96.7500,96.8350,96.2200,96.4800,94.8286,1105696,0.0000,1.0000
2017-10-23,96.1100,97.2800,95.9600,96.1300,94.4845,1699495,0.0000,1.0000
2017-10-20,96.5000,97.3500,96.1900,96.8600,95.2020,1204251,0.0000,1.0000
2017-10-19,95.5900,95.9700,95.0950,95.6300,93.9931,863933,0.0000,1.0000
2017-10-18,94.9600,95.9500,94.7500,95.7600,94.1209,917500,0.0000,1.0000
2017-10-17,95.1800,95.2100,94.4500,94.7300,93.1085,845138,0.0000,1.0000
2017-10-16,94.9600,95.4990,94.5100,94.8200,93.1970,1311048,0.0000,1.0000
2017-10-13,94.7600,95.6450,94.3700,94.9400,93.3149,1334121,0.0000,1.0000
2017-10-12,93.0700,94.7150,93.0700,94.4600,92.8431,1719933,0.0000,1.0000
2017-10-11,92.2100,92.8900,91.6000,92.8500,91.2607,959263,0.0000,1.0000
2017-10-10,92.4900,92.5800,91.6500,92.1800,90.6022,1048179,0.0000,1.0000
2017-10-09,92.0700,92.4100,91.8300,91.9800,90.4056,703864,0.0000,1.0000
2017-10-06,92.0600,92.0600,91.2750,91.7200,90.1500,815800,0.0000,1.0000
2017-10-05,91.8600,92.3800,91.4300,91.7500,90.1795,711627,0.0000,1.0000
2017-10-04,90.9700,91.5900,90.7690,91.4100,89.8453,1137244,0.0000,1.0000
2017-10-03,90.5200,90.9500,90.0200,90.9200,89.3637,954495,0.0000,1.0000
2017-10-02,90.4300,90.7800,89.3836,90.6800,89.1278,1436290,0.0000,1.0000
2017-09-29,89.9100,91.1900,89.7000,90.6500,89.0983,1667241,0.0000,1.0000
2017-09-28,88.2600,90.5699,87.9000,90.1300,88.5872,2215166,0.0000,1.0000
2017-09-27,87.3600,88.5700,86.9900,88.0900,86.5822,1671606,0.0000,1.0000
2017-09-26,87.2300,87.4300,86.4200,86.5600,85.0784,1296133,0.0000,1.0000
2017-09-25,86.5900,87.6400,86.5300,87.3200,85.8253,1163705,0.0000,1.0000
2017-09-22,86.0300,86.7700,85.8300,86.6900,85.2061,696371,0.0000,1.0000
2017-09-21,85.6900,86.1300,85.3800,85.9700,84.4985,681318,0.0000,1.0000
2017-09-20,85.4700,85.8700,84.5100,85.7200,84.2527,979161,0.0000,1.0000
2017-09-19,85.3300,85.7700,84.9800,85.1000,83.6433,971595,0.0000,1.0000
2017-09-18,84.7300,85.4600,84.2600,85.3500,83.8891,1270631,0.0000,1.0000
2017-09-15,84.2200,84.9900,83.9000,84.7200,83.2698,1739500,0.0000,1.0000
2017-09-14,84.0100,84.5200,83.5800,84.2700,82.8276,841361,0.0000,1.0000
2017-09-13,83.9300,84.5400,82.8200,84.2700,82.8276,1194092,0.5700,1.0000
2017-09-12,83.6100,84.8600,83.5500,84.8600,82.8471,1063730,0.0000,1.0000
2017-09-11,82.7700,83.6500,82.7700,83.3500,81.3729,1166402,0.0000,1.0000
2017-09-08,81.9300,82.6700,81.7700,82.1300,80.1818,1198026,0.0000,1.0000
2017-09-07,82.8300,82.8300,81.6100,82.2500,80.2990,1545201,0.0000,1.0000
2017-09-06,83.2600,83.5700,82.5800,82.7800,80.8164,1287634,0.0000,1.0000
2017-09-05,83.8300,84.0650,82.5700,82.7800,80.8164,1195761,0.0000,1.0000
2017-09-01,84.5900,84.8200,84.0500,84.2800,82.2808,822519,0.0000,1.0000
2017-08-31,84.1600,84.5400,83.7600,84.3600,82.3589,1368918,0.0000,1.0000
2017-08-30,84.0500,84.1700,83.7285,83.8200,81.8317,900320,0.0000,1.0000
2017-08-29,83.5000,84.2000,83.0100,84.0300,82.0368,1065931,0.0000,1.0000
2017-08-28,84.1100,84.6300,83.7700,84.1400,82.1442,1043916,0.0000,1.0000
2017-08-25,82.9000,84.2800,82.9000,83.9000,81.9098,1495639,0.0000,1.0000
2017-08-24,83.1900,83.1900,82.3800,82.4600,80.5040,1177078,0.0000,1.0000
2017-08-23,83.3500,83.3500,82.7400,82.8500,80.8848,921781,0.0000,1.0000
2017-08-22,82.5700,83.7400,82.5700,83.6100,81.6267,1100779,0.0000,1.0000
2017-08-21,82.3300,82.7400,81.9900,82.3700,80.4161,778734,0.0000,1.0000
2017-08-18,82.5500,82.8300,82.1200,82.3000,80.3478,1064813,0.0000,1.0000
2017-08-17,83.9900,84.0300,82.5300,82.6100,80.6504,1831864,0.0000,1.0000
2017-08-16,84.3300,85.0700,84.0600,84.1400,82.1442,1444305,0.0000,1.0000
2017-08-15,84.0500,84.2200,83.4400,83.9000,81.9098,897327,0.0000,1.0000
2017-08-14,83.4000,84.0000,82.7400,83.8400,81.8513,994859,0.0000,1.0000
2017-08-11,83.1700,83.7500,82.5700,82.7900,80.8262,1113141,0.0000,1.0000
2017-08-10,82.9700,84.7700,82.4850,82.8500,80.8848,2021065,0.0000,1.0000
2017-08-09,82.9400,83.3800,82.4800,83.1800,81.2069,1255002,0.0000,1.0000
2017-08-08,83.0000,83.6800,82.6900,83.1900,81.2167,1335310,0.0000,1.0000
2017-08-07,82.8800,83.5500,82.8100,83.3700,81.3924,784073,0.0000,1.0000
2017-08-04,83.1100,83.1100,82.5800,82.7900,80.8262,863588,0.0000,1.0000
2017-08-03,82.6400,82.9300,82.1900,82.6500,80.6895,1001467,0.0000,1.0000
2017-08-02,83.4900,83.4900,82.2400,82.6100,80.6504,1256003,0.0000,1.0000
2017-08-01,83.0800,83.1850,82.4800,83.1500,81.1776,1510466,0.0000,1.0000
2017-07-31,82.5400,82.9400,82.1100,82.7200,80.7578,2753614,0.0000,1.0000
2017-07-28,82.5100,82.9300,81.8700,82.3500,80.3966,1383451,0.0000,1.0000
2017-07-27,85.0700,85.1100,81.8300,82.6700,80.7090,2985041,0.0000,1.0000
2017-07-26,84.1100,85.4200,84.0400,84.9200,82.9057,2640092,0.0000,1.0000
2017-07-25,82.0100,84.4600,81.9800,83.8300,81.8415,2873274,0.0000,1.0000
2017-07-24,80.8400,81.1300,80.3700,81.1000,79.1763,1476012,0.0000,1.0000
2017-07-21,80.9600,81.4000,80.7100,80.8300,78.9127,971771,0.0000,1.0000
2017-07-20,80.9400,81.2500,80.4300,81.0800,79.1567,810748,0.0000,1.0000
2017-07-19,80.3300,80.9300,80.0000,80.8100,78.8931,865012,0.0000,1.0000
2017-07-18,79.9900,80.2700,79.7800,80.1100,78.2098,1457092,0.0000,1.0000
2017-07-17,80.2900,80.4900,79.5100,80.1600,78.2586,1132218,0.0000,1.0000
2017-07-14,79.0000,80.6400,79.0000,80.2300,78.3269,2142769,0.0000,1.0000
2017-07-13,77.8000,80.0500,77.8000,79.1900,77.3116,4557040,0.0000,1.0000
2017-07-12,75.3700,76.0700,75.3000,75.5800,73.7872,1025608,0.0000,1.0000
2017-07-11,75.5000,75.5700,74.3000,75.1600,73.3772,1900913,0.0000,1.0000
2017-07-10,76.0300,77.5000,76.0300,77.0500,75.2223,1884715,0.0000,1.0000
2017-07-07,74.6100,76.4000,74.4300,76.1600,74.3534,1413316,0.0000,1.0000
2017-07-06,75.1100,75.1300,74.1550,74.2300,72.4692,1334040,0.0000,1.0000
2017-07-05,75.1900,75.4800,74.8300,75.3100,73.5236,973311,0.0000,1.0000
2017-07-03,74.8500,75.6900,74.6300,75.1000,73.3186,873330,0.0000,1.0000
2017-06-30,74.6000,74.9800,74.2000,74.2100,72.4497,1457872,0.0000,1.0000
2017-06-29,75.5100,75.9200,73.5000,74.0300,72.2740,1568399,0.0000,1.0000
2017-06-28,74.5600,75.2700,74.3000,75.0400,73.2600,1381776,0.0000,1.0000
2017-06-27,74.0500,74.5750,73.8200,74.0900,72.3325,769870,0.0000,1.0000
2017-06-26,73.9600,74.2750,73.4800,73.8300,72.0787,1016845,0.0000,1.0000
2017-06-23,73.4900,74.0300,73.1300,73.7400,71.9908,2425870,0.0000,1.0000
2017-06-22,72.8600,73.5300,72.4400,73.2000,71.4637,1157229,0.0000,1.0000
2017-06-21,73.6100,73.6800,72.9800,73.0400,71.3075,1056728,0.0000,1.0000
2017-06-20,73.9300,73.9300,73.3400,73.3400,71.6003,998323,0.0000,1.0000
2017-06-19,73.8100,74.3450,73.4400,74.0300,72.2740,1035869,0.0000,1.0000
2017-06-16,73.3800,73.4500,72.8400,73.3500,71.6101,1805718,0.0000,1.0000
2017-06-15,72.4600,73.3900,72.0900,73.2500,71.5125,1150494,0.0000,1.0000
2017-06-14,73.0000,73.3100,72.1900,73.2400,71.5027,1144651,0.0000,1.0000
2017-06-13,73.6900,73.8200,72.7600,73.3600,71.6199,1039007,0.5700,1.0000
2017-06-12,73.2600,73.9700,72.6000,73.9200,71.6102,1732820,0.0000,1.0000
2017-06-09,72.0800,73.3800,72.0000,73.2700,70.9805,1665928,0.0000,1.0000
2017-06-08,72.0000,72.8100,71.8100,71.9600,69.7114,1481005,0.0000,1.0000
2017-06-07,71.4300,72.0000,71.2500,71.9000,69.6533,1282394,0.0000,1.0000
2017-06-06,71.7200,71.8400,70.7800,71.0600,68.8395,1325890,0.0000,1.0000
2017-06-05,71.6100,71.9200,71.0900,71.8800,69.6339,1099055,0.0000,1.0000
2017-06-02,71.5100,71.7100,70.9800,71.5300,69.2949,1501981,0.0000,1.0000
2017-06-01,70.7200,71.8100,70.2000,71.8000,69.5564,2154483,0.0000,1.0000
2017-05-31,69.7900,70.4900,69.6000,70.4400,68.2389,2245851,0.0000,1.0000
2017-05-30,69.4900,70.0500,69.3800,69.7800,67.5995,1353172,0.0000,1.0000
2017-05-26,69.5700,70.1300,69.0400,69.7000,67.5220,1363253,0.0000,1.0000
2017-05-25,68.6800,70.0500,68.3000,69.6600,67.4833,2548458,0.0000,1.0000
2017-05-24,69.0700,69.5100,67.6200,68.6800,66.5339,5258211,0.0000,1.0000
2017-05-23,71.2300,71.2900,70.4800,71.0600,68.8395,1457153,0.0000,1.0000
2017-05-22,70.9600,71.4300,70.6400,71.3000,69.0720,1257527,0.0000,1.0000
2017-05-19,69.7400,70.7500,69.4400,70.6300,68.4230,1084903,0.0000,1.0000
2017-05-18,69.2400,69.9700,69.1000,69.7100,67.5317,1628730,0.0000,1.0000
2017-05-17,70.6000,70.9000,68.9400,69.2300,67.0667,2238771,0.0000,1.0000
2017-05-16,71.9500,72.0900,71.0700,71.8300,69.5855,1351308,0.0000,1.0000
2017-05-15,71.2600,72.4600,71.2600,72.0500,69.7986,1351689,0.0000,1.0000
2017-05-12,71.1400,71.4900,70.8900,71.2600,69.0333,1262183,0.0000,1.0000
2017-05-11,71.7100,72.0300,71.0300,71.2500,69.0236,1552578,0.0000,1.0000
2017-05-10,71.3800,72.0500,71.1500,72.0500,69.7986,1610144,0.0000,1.0000
2017-05-09,71.1900,71.6050,70.8100,71.5200,69.2852,1865885,0.0000,1.0000
2017-05-08,71.8500,72.0000,70.5000,71.0500,68.8299,2212015,0.0000,1.0000
2017-05-05,71.9400,71.9400,71.3600,71.9000,69.6533,1222922,0.0000,1.0000
2017-05-04,72.1700,72.1900,71.3800,71.7800,69.5370,1533620,0.0000,1.0000
2017-05-03,71.4100,71.8800,70.9800,71.8600,69.6145,1763921,0.0000,1.0000
2017-05-02,70.9000,71.3900,70.4300,71.3800,69.1495,1472673,0.0000,1.0000
2017-05-01,71.2400,71.3600,70.4900,70.6200,68.4133,2260874,0.0000,1.0000
2017-04-28,70.5400,70.9200,70.1700,70.8900,68.6749,2860141,0.0000,1.0000
2017-04-27,70.5100,70.6800,70.0100,70.5200,68.3164,1224630,0.0000,1.0000
2017-04-26,69.5000,70.6800,69.4400,70.1600,67.9677,2222536,0.0000,1.0000
2017-04-25,71.0000,71.0100,69.0800,69.5900,67.4155,4249232,0.0000,1.0000
2017-04-24,72.9700,73.0900,72.4900,72.6300,70.3605,1901315,0.0000,1.0000
2017-04-21,72.3800,72.5100,71.5600,71.7900,69.5467,1145070,0.0000,1.0000
2017-04-20,72.3100,72.5100,71.6500,72.3000,70.0408,2112488,0.0000,1.0000
2017-04-19,71.5900,72.1500,71.3900,71.8000,69.5564,1973123,0.0000,1.0000
2017-04-18,70.9900,72.0200,70.9400,71.2600,69.0333,1308046,0.0000,1.0000
2017-04-17,70.4900,71.5100,70.3000,71.4700,69.2367,1581587,0.0000,1.0000
2017-04-13,70.3100,71.0400,69.8800,70.2600,68.0645,1744344,0.0000,1.0000
2017-04-12,69.7000,71.1700,69.7000,70.4500,68.2486,2266364,0.0000,1.0000
2017-04-11,70.0000,70.1600,69.0100,69.9900,67.8030,2722649,0.0000,1.0000
2017-04-10,69.7800,70.8200,69.5000,70.2600,68.0645,4491836,0.0000,1.0000
2017-04-07,69.1800,70.0500,68.8450,69.7000,67.5220,1695269,0.0000,1.0000
2017-04-06,68.9600,69.6600,68.5150,69.3300,67.1636,1931106,0.0000,1.0000
2017-04-05,68.7000,69.6500,68.4400,68.8500,66.6986,2181382,0.0000,1.0000
2017-04-04,67.8600,68.2874,67.6900,68.2600,66.1270,1582671,0.0000,1.0000
2017-04-03,68.2500,68.5800,67.6000,68.2000,66.0689,3137644,0.0000,1.0000
2017-03-31,68.0600,68.3000,67.7700,68.1500,66.0205,3138292,0.0000,1.0000
2017-03-30,67.9600,68.5750,67.8100,68.2100,66.0786,3177294,0.0000,1.0000
2017-03-29,68.0700,68.2700,67.3700,67.9200,65.7977,1835480,0.0000,1.0000
2017-03-28,67.4900,68.7920,67.3200,68.3900,66.2530,2055995,0.0000,1.0000
2017-03-27,67.1700,67.9400,66.7000,67.6300,65.5167,1211386,0.0000,1.0000
2017-03-24,68.4200,68.5600,67.5900,67.8300,65.7105,1358227,0.0000,1.0000
2017-03-23,68.7100,69.2900,68.1400,68.2000,66.0689,1724850,0.0000,1.0000
2017-03-22,68.4000,68.9100,67.8700,68.7900,66.6405,1748566,0.0000,1.0000
2017-03-21,69.7300,69.7600,68.0100,68.6000,66.4564,2082301,0.0000,1.0000
2017-03-20,69.3600,69.6000,68.8075,69.2600,67.0958,1458382,0.0000,1.0000
2017-03-17,71.3100,71.5000,69.3300,69.3600,67.1927,4421453,0.0000,1.0000
2017-03-16,71.9600,72.4200,71.8100,71.9400,69.6920,1557817,0.0000,1.0000
2017-03-15,71.3900,71.9800,71.2700,71.7500,69.5080,1696770,0.0000,1.0000
2017-03-14,71.0100,71.4500,70.6900,71.1800,68.9558,1296300,0.5700,1.0000
2017-03-13,71.3500,72.0800,71.2300,71.9000,69.1000,1200230,0.0000,1.0000
2017-03-10,71.2200,71.5600,70.9900,71.3500,68.5714,1272763,0.0000,1.0000
2017-03-09,71.5900,71.7900,70.6450,70.7200,67.9659,1729262,0.0000,1.0000
2017-03-08,71.2500,71.9200,71.2100,71.3000,68.5233,1018286,0.0000,1.0000
2017-03-07,71.0500,71.2500,70.7100,70.9000,68.1389,896507,0.0000,1.0000
2017-03-06,71.0900,71.5700,70.7800,71.0700,68.3023,1064867,0.0000,1.0000
2017-03-03,71.8300,72.3014,71.0100,71.3100,68.5329,1523160,0.0000,1.0000
2017-03-02,72.5500,72.6000,71.7100,71.7100,68.9174,1633363,0.0000,1.0000
2017-03-01,72.0000,72.6580,71.6300,72.5300,69.7054,2321957,0.0000,1.0000
2017-02-28,71.8900,72.3000,70.7700,71.2100,68.4368,2616627,0.0000,1.0000
2017-02-27,71.9500,72.5050,71.8650,72.0800,69.2729,1089541,0.0000,1.0000
2017-02-24,71.5600,71.9650,71.2400,71.9500,69.1480,1018776,0.0000,1.0000
2017-02-23,71.7500,71.9700,71.4300,71.9600,69.1576,1667989,0.0000,1.0000
2017-02-22,70.8100,71.4800,70.8100,71.4600,68.6771,1202785,0.0000,1.0000
2017-02-21,71.4300,71.6500,70.9000,71.2000,68.4272,1415143,0.0000,1.0000
2017-02-17,70.7500,71.1100,70.3100,71.1000,68.3311,1261032,0.0000,1.0000
2017-02-16,71.0000,71.7850,71.0000,71.3200,68.5425,1419464,0.0000,1.0000
2017-02-15,69.9100,71.6522,69.7000,71.5500,68.7636,2266420,0.0000,1.0000
2017-02-14,69.6500,70.0800,69.4400,69.8600,67.1394,1780211,0.0000,1.0000
2017-02-13,69.7100,69.9966,69.0100,69.8200,67.1010,2018137,0.0000,1.0000
2017-02-10,68.6300,69.4000,68.5000,69.4000,66.6973,2106574,0.0000,1.0000
2017-02-09,68.0300,68.6790,67.5800,68.4500,65.7843,1744563,0.0000,1.0000
2017-02-08,67.5000,67.8900,67.3200,67.5700,64.9386,1912878,0.0000,1.0000
2017-02-07,67.5600,67.8400,67.1800,67.5500,64.9194,1446298,0.0000,1.0000
2017-02-06,66.7000,67.9950,66.7000,67.3300,64.7079,1867728,0.0000,1.0000
2017-02-03,67.2300,68.2700,67.0100,67.7100,65.0731,2869393,0.0000,1.0000
2017-02-02,66.6000,66.8000,65.3300,66.4500,63.8622,3702355,0.0000,1.0000
2017-02-01,68.0900,68.4300,66.5900,66.7700,64.1697,2988044,0.0000,1.0000
2017-01-31,67.6400,68.0400,67.1700,67.4400,64.8136,3669229,0.0000,1.0000
2017-01-30,69.1500,69.2800,67.7000,67.9600,65.3134,3038561,0.0000,1.0000
2017-01-27,69.8200,69.9050,67.8100,69.3900,66.6877,4582104,0.0000,1.0000
2017-01-26,71.9100,72.6100,68.0900,70.2600,67.5238,7648931,0.0000,1.0000
2017-01-25,74.3600,74.5600,73.5200,74.1800,71.2912,1894336,0.0000,1.0000
2017-01-24,73.4900,74.0800,73.1100,73.8400,70.9644,1196467,0.0000,1.0000
2017-01-23,73.3500,73.6200,72.8300,73.4500,70.5896,1342677,0.0000,1.0000
2017-01-20,72.8700,73.7000,72.3900,73.7000,70.8299,1782593,0.0000,1.0000
2017-01-19,73.4900,73.4900,72.4200,72.7500,69.9169,1665166,0.0000,1.0000
2017-01-18,73.2300,73.3400,72.6000,73.2900,70.4358,1825221,0.0000,1.0000
2017-01-17,73.1500,73.4300,72.6400,73.0500,70.2052,1764236,0.0000,1.0000
2017-01-13,73.8300,74.4300,73.4700,73.6800,70.8106,876183,0.0000,1.0000
2017-01-12,73.6400,73.8544,72.4000,73.5300,70.6665,1195120,0.0000,1.0000
2017-01-11,73.5100,74.0200,73.0900,74.0200,71.1374,1438578,0.0000,1.0000
2017-01-10,72.8800,73.9300,72.0300,73.4800,70.6184,2469172,0.0000,1.0000
2017-01-09,75.2900,75.6600,72.5900,72.8300,69.9937,3979390,0.0000,1.0000
2017-01-06,76.4900,76.7560,75.3700,75.6200,72.6751,1667142,0.0000,1.0000
2017-01-05,76.8700,76.8700,75.2300,76.3700,73.3959,1033820,0.0000,1.0000
2017-01-04,76.2000,77.0800,75.8500,76.9700,73.9725,1281912,0.0000,1.0000
2017-01-03,76.3400,76.7700,75.4600,75.8400,72.8865,1664410,0.0000,1.0000
2016-12-30,75.9500,76.0800,74.9300,75.2600,72.3291,1309986,0.0000,1.0000
2016-12-29,76.0500,76.4620,75.3800,75.5400,72.5982,869899,0.0000,1.0000
2016-12-28,77.1000,77.1000,76.0000,76.0700,73.1076,557337,0.0000,1.0000
2016-12-27,76.8900,77.0000,76.5000,76.9000,73.9052,499406,0.0000,1.0000
2016-12-23,76.4500,76.7800,76.0300,76.5900,73.6073,765242,0.0000,1.0000
2016-12-22,77.5300,77.7000,76.5100,76.5700,73.5881,1752831,0.0000,1.0000
2016-12-21,77.4700,77.7000,77.1345,77.4200,74.4050,1042540,0.0000,1.0000
2016-12-20,77.2000,77.7100,76.7650,77.6700,74.6452,1473705,0.0000,1.0000
2016-12-19,76.5600,76.7750,75.8800,76.6300,73.6457,1267256,0.0000,1.0000
2016-12-16,76.0100,76.9000,75.9700,76.7600,73.7707,3524561,0.0000,1.0000
2016-12-15,76.0800,76.8000,75.5700,76.0000,73.0403,1052840,0.0000,1.0000
2016-12-14,76.1900,77.0000,75.6000,75.7100,72.7616,1603725,0.0000,1.0000
2016-12-13,76.0600,76.9900,75.8100,76.4400,73.4631,1844367,0.5400,1.0000
2016-12-12,76.4000,77.1100,75.6900,76.0300,72.5565,1860737,0.0000,1.0000
2016-12-09,78.4600,78.4600,76.5200,76.6000,73.1005,2921611,0.0000,1.0000
2016-12-08,77.3500,78.9500,77.0000,78.6100,75.0187,2268375,0.0000,1.0000
2016-12-07,76.1300,77.3800,75.8600,77.3500,73.8162,1479360,0.0000,1.0000
2016-12-06,75.9800,76.1100,75.4900,76.0900,72.6138,1624519,0.0000,1.0000
2016-12-05,75.9700,76.3500,75.1900,75.5800,72.1271,1700936,0.0000,1.0000
2016-12-02,75.3000,75.8600,74.7575,75.4800,72.0317,1650947,0.0000,1.0000
2016-12-01,74.5200,75.6900,74.1000,75.5700,72.1176,2669810,0.0000,1.0000
2016-11-30,74.0700,74.7400,73.6700,74.0600,70.6765,2036450,0.0000,1.0000
2016-11-29,73.3300,73.6000,72.8700,73.3800,70.0276,1079629,0.0000,1.0000
2016-11-28,73.9800,74.3500,73.0700,73.1500,69.8081,1294064,0.0000,1.0000
2016-11-25,74.4000,74.8100,74.0500,74.4300,71.0296,490432,0.0000,1.0000
2016-11-23,73.8500,74.4730,73.5000,74.2800,70.8865,1026630,0.0000,1.0000
2016-11-22,73.9000,74.1000,73.1200,74.0500,70.6670,1535783,0.0000,1.0000
2016-11-21,73.7000,73.9200,73.3200,73.7300,70.3616,1183147,0.0000,1.0000
2016-11-18,73.3300,73.9800,73.0165,73.4700,70.1135,1461390,0.0000,1.0000
2016-11-17,72.2500,73.3932,72.0000,73.1800,69.8368,2219566,0.0000,1.0000
2016-11-16,72.9600,73.3700,72.3300,72.5000,69.1878,1512558,0.0000,1.0000
2016-11-15,72.4500,73.6399,72.4000,73.6200,70.2567,2588926,0.0000,1.0000
2016-11-14,71.4300,73.2400,71.2200,73.2300,69.8845,4119057,0.0000,1.0000
2016-11-11,70.1400,70.8100,69.3200,70.5000,67.2792,3610440,0.0000,1.0000
2016-11-10,68.5000,74.1800,68.3500,70.2900,67.0788,6432453,0.0000,1.0000
2016-11-09,63.7900,68.9500,63.7300,68.3500,65.2274,5024306,0.0000,1.0000
2016-11-08,64.2000,64.4700,63.3200,63.7700,60.8567,2728369,0.0000,1.0000
2016-11-07,64.7300,64.8500,64.0500,64.3300,61.3911,1104601,0.0000,1.0000
2016-11-04,63.6700,64.3000,63.4200,63.7000,60.7898,1645547,0.0000,1.0000
2016-11-03,63.3500,64.0500,63.3500,63.6900,60.7803,1649988,0.0000,1.0000
2016-11-02,63.7400,63.8650,62.9700,63.2100,60.3222,3553569,0.0000,1.0000
2016-11-01,64.2400,64.2900,63.3000,63.8200,60.9044,2459677,0.0000,1.0000
2016-10-31,64.2400,64.3750,63.6700,64.0100,61.0857,2782990,0.0000,1.0000
2016-10-28,63.7500,64.7500,63.5800,64.0000,61.0761,2039603,0.0000,1.0000
2016-10-27,66.5700,67.5300,63.1400,63.8300,60.9139,4685348,0.0000,1.0000
2016-10-26,65.8800,66.4400,65.6800,66.3500,63.3188,1725316,0.0000,1.0000
2016-10-25,66.8000,67.4100,65.9400,66.0400,63.0229,1826288,0.0000,1.0000
2016-10-24,66.2300,66.9800,66.2300,66.7900,63.7387,1620622,0.0000,1.0000
2016-10-21,65.5000,66.0200,65.3900,65.9600,62.9466,1144335,0.0000,1.0000
2016-10-20,65.7300,66.2400,65.6800,65.8800,62.8703,1424109,0.0000,1.0000
2016-10-19,65.3800,65.9700,65.2100,65.8800,62.8703,1007436,0.0000,1.0000
2016-10-18,65.7300,65.7650,64.8300,65.2100,62.2309,1507957,0.0000,1.0000
2016-10-17,65.7700,65.9000,64.9300,65.0500,62.0782,1386228,0.0000,1.0000
2016-10-14,66.2200,66.5700,65.6100,65.9000,62.8893,1256763,0.0000,1.0000
2016-10-13,65.7400,65.8300,64.9000,65.6700,62.6698,1185884,0.0000,1.0000
2016-10-12,65.8200,66.8300,65.8200,66.1600,63.1375,2193487,0.0000,1.0000
2016-10-11,66.6600,66.7000,65.5500,65.9500,62.9371,1921789,0.0000,1.0000
2016-10-10,66.9600,67.2300,66.6700,66.7900,63.7387,1650663,0.0000,1.0000
2016-10-07,67.2800,67.6700,66.3200,66.5800,63.5383,1972320,0.0000,1.0000
2016-10-06,67.5200,67.7650,67.2500,67.3400,64.2636,1113092,0.0000,1.0000
2016-10-05,66.7500,67.6600,66.7500,67.5800,64.4926,2088473,0.0000,1.0000
2016-10-04,66.5700,67.0700,66.1000,66.5500,63.5096,2198281,0.0000,1.0000
2016-10-03,66.2900,67.0650,66.0300,66.4500,63.4142,1672597,0.0000,1.0000
2016-09-30,66.0800,66.8100,65.7400,66.5000,63.4619,1798957,0.0000,1.0000
2016-09-29,66.2700,66.4800,65.2500,65.5400,62.5458,1266110,0.0000,1.0000
2016-09-28,65.2300,66.3950,65.2300,66.3500,63.3188,1657117,0.0000,1.0000
2016-09-27,65.1000,65.8550,64.7650,65.5600,62.5649,1858638,0.0000,1.0000
2016-09-26,65.6400,66.0250,65.1600,65.2000,62.2213,1353211,0.0000,1.0000
2016-09-23,66.3500,66.9700,65.9200,65.9200,62.9084,1500736,0.0000,1.0000
2016-09-22,67.2900,67.4700,66.8100,66.8200,63.7673,1230222,0.0000,1.0000
2016-09-21,66.7400,67.1100,66.1700,66.8300,63.7769,1528589,0.0000,1.0000
2016-09-20,67.2400,67.3400,66.6300,66.6300,63.5860,1217031,0.0000,1.0000
2016-09-19,67.2500,67.8000,66.5800,66.6400,63.5955,1470336,0.0000,1.0000
2016-09-16,67.2700,67.3100,66.4100,67.0200,63.9582,2134379,0.0000,1.0000
2016-09-15,66.9100,67.9500,66.8900,67.8000,64.7025,1082065,0.0000,1.0000
2016-09-14,67.4700,67.7500,66.8900,66.9900,63.9295,1351421,0.0000,1.0000
2016-09-13,67.5600,67.9200,67.0200,67.3400,64.2636,1793131,0.5400,1.0000
2016-09-12,67.0400,68.8300,66.8600,68.6000,64.9452,1321281,0.0000,1.0000
2016-09-09,68.5100,68.7550,67.4800,67.4800,63.8849,1852419,0.0000,1.0000
2016-09-08,69.1200,69.3500,68.4800,68.8400,65.1724,885741,0.0000,1.0000
2016-09-07,68.9300,69.5000,68.9300,69.3400,65.6458,1085289,0.0000,1.0000
2016-09-06,69.0300,69.3000,68.6200,69.0800,65.3996,803548,0.0000,1.0000
2016-09-02,69.0200,69.4500,68.8000,69.2700,65.5795,761539,0.0000,1.0000
2016-09-01,69.7800,69.9800,68.5100,68.7500,65.0872,1094229,0.0000,1.0000
2016-08-31,69.9100,70.0000,69.0100,69.5400,65.8351,1846217,0.0000,1.0000
2016-08-30,69.1000,69.9000,69.1000,69.9000,66.1759,813063,0.0000,1.0000
2016-08-29,68.9300,69.1900,68.7700,68.9500,65.2765,1076192,0.0000,1.0000
2016-08-26,68.8700,69.6400,67.7500,68.8800,65.2103,1282806,0.0000,1.0000
2016-08-25,68.8800,69.1100,68.5500,68.7100,65.0493,960989,0.0000,1.0000
2016-08-24,69.1500,69.6500,68.8000,68.9700,65.2955,876141,0.0000,1.0000
2016-08-23,69.5300,69.7500,69.4100,69.5400,65.8351,690163,0.0000,1.0000
2016-08-22,68.9300,69.2500,68.7400,69.0500,65.3712,830551,0.0000,1.0000
2016-08-19,68.8600,69.2500,68.3350,68.9800,65.3050,1206054,0.0000,1.0000
2016-08-18,69.0000,69.4100,68.9800,69.1200,65.4375,1031659,0.0000,1.0000
2016-08-17,68.6900,69.0300,68.5050,69.0100,65.3334,1319179,0.0000,1.0000
2016-08-16,68.4200,68.9500,68.2200,68.6400,64.9831,1109516,0.0000,1.0000
2016-08-15,68.7700,69.0800,68.5800,68.6400,64.9831,1156299,0.0000,1.0000
2016-08-12,68.8700,69.0000,68.5700,68.7300,65.0683,1003215,0.0000,1.0000
2016-08-11,68.9000,69.1900,68.8300,69.0100,65.3334,1221765,0.0000,1.0000
2016-08-10,69.0200,69.1200,68.5900,68.7800,65.1156,1261646,0.0000,1.0000
2016-08-09,69.7800,69.7800,68.7000,68.7900,65.1251,1704208,0.0000,1.0000
2016-08-08,70.0600,70.1400,69.5300,69.6800,65.9677,1548008,0.0000,1.0000
2016-08-05,69.7400,70.0900,69.4700,69.8400,66.1191,1614392,0.0000,1.0000
2016-08-04,69.0100,69.5500,68.8000,69.0500,65.3712,1019373,0.0000,1.0000
2016-08-03,69.5600,69.5900,68.7900,69.1000,65.4186,1692708,0.0000,1.0000
2016-08-02,69.7900,69.7900,68.7800,69.0000,65.3239,1769268,0.0000,1.0000
2016-08-01,70.5600,70.6922,69.6900,69.8400,66.1191,1888208,0.0000,1.0000
2016-07-29,70.2000,70.9500,69.9100,70.6900,66.9238,2357130,0.0000,1.0000
2016-07-28,70.4200,70.7150,69.8300,70.4400,66.6872,1722362,0.0000,1.0000
2016-07-27,70.6500,71.0800,68.5100,70.6800,66.9144,2836662,0.0000,1.0000
2016-07-26,72.0000,72.2300,70.4500,70.5500,66.7913,3335939,0.0000,1.0000
2016-07-25,74.1400,74.3400,73.3000,73.6900,69.7640,1719732,0.0000,1.0000
2016-07-22,74.1700,74.2000,73.6100,74.1200,70.1711,977014,0.0000,1.0000
2016-07-21,74.2200,74.4000,73.7600,73.8800,69.9439,993516,0.0000,1.0000
2016-07-20,73.7300,74.1450,72.7300,74.0700,70.1238,1238962,0.0000,1.0000
2016-07-19,74.4200,74.4200,73.6400,74.0800,70.1332,1217706,0.0000,1.0000
2016-07-18,74.6700,74.9200,74.4200,74.5900,70.6161,1067378,0.0000,1.0000
2016-07-15,74.4800,74.6700,73.8000,74.6500,70.6729,1052494,0.0000,1.0000
2016-07-14,74.8900,75.1200,74.0700,74.1300,70.1806,1156950,0.0000,1.0000
2016-07-13,74.6500,74.9200,73.5600,73.8900,69.9534,1207352,0.0000,1.0000
2016-07-12,74.0400,74.5100,73.7500,74.4700,70.5025,1273176,0.0000,1.0000
2016-07-11,73.5600,74.0500,72.8800,73.3400,69.4327,1027065,0.0000,1.0000
2016-07-08,72.7100,73.2900,72.6000,73.2400,69.3380,1357893,0.0000,1.0000
2016-07-07,71.7300,72.3900,70.9300,71.5900,67.7759,1369408,0.0000,1.0000
2016-07-06,71.3500,72.1100,70.6100,71.9600,68.1262,1245138,0.0000,1.0000
2016-07-05,71.7000,71.9200,70.7850,71.3500,67.5487,1114583,0.0000,1.0000
2016-07-01,72.9100,73.3950,72.0200,72.3400,68.4859,1222310,0.0000,1.0000
2016-06-30,71.4000,72.9700,71.0600,72.9700,69.0824,1856098,0.0000,1.0000
2016-06-29,70.2500,71.4100,70.0000,71.3400,67.5392,1961324,0.0000,1.0000
2016-06-28,68.4300,69.5000,67.8600,69.3800,65.6836,2245564,0.0000,1.0000
2016-06-27,68.6700,68.8000,67.3400,67.6200,64.0174,2427268,0.0000,1.0000
2016-06-24,70.0200,71.6400,68.1000,69.6000,65.8919,3841604,0.0000,1.0000
2016-06-23,72.7900,73.5300,72.1100,73.5200,69.6031,974026,0.0000,1.0000
2016-06-22,72.1000,72.5500,71.5400,72.0000,68.1641,771158,0.0000,1.0000
2016-06-21,72.4300,72.8400,71.6500,71.8500,68.0220,1309750,0.0000,1.0000
2016-06-20,72.3700,73.0700,72.1400,72.2100,68.3629,1104881,0.0000,1.0000
2016-06-17,71.1100,71.6600,70.8000,71.3700,67.5676,1353083,0.0000,1.0000
2016-06-16,70.8100,71.3500,70.2700,71.2400,67.4445,1129763,0.0000,1.0000
2016-06-15,71.5400,72.4700,71.3300,71.5600,67.7475,1521745,0.0000,1.0000
2016-06-14,71.4500,71.7850,70.8000,71.1400,67.3499,1304526,0.0000,1.0000
2016-06-13,72.1800,72.6600,71.6800,71.7200,67.8990,1348102,0.5400,1.0000
2016-06-10,73.6200,73.7700,72.5450,72.8300,68.4346,1047359,0.0000,1.0000
2016-06-09,74.8800,74.8800,74.1000,74.3700,69.8816,838280,0.0000,1.0000
2016-06-08,75.2900,75.7150,74.7600,75.0800,70.5488,978414,0.0000,1.0000
2016-06-07,76.4200,76.4700,75.3600,75.4700,70.9152,885011,0.0000,1.0000
2016-06-06,75.9800,76.9300,75.9800,76.4100,71.7985,1036048,0.0000,1.0000
2016-06-03,75.8000,76.2700,74.9700,75.9800,71.3945,1054215,0.0000,1.0000
2016-06-02,76.5500,76.9400,76.1900,76.9400,72.2965,1006727,0.0000,1.0000
2016-06-01,76.5000,77.0800,76.2000,77.0200,72.3717,900985,0.0000,1.0000
2016-05-31,77.6600,77.7000,76.5500,77.0600,72.4093,1943121,0.0000,1.0000
2016-05-27,76.8900,77.5000,76.7225,77.1300,72.4751,701334,0.0000,1.0000
2016-05-26,77.2100,77.5000,76.6300,76.6600,72.0334,723828,0.0000,1.0000
2016-05-25,76.7300,77.6300,76.6812,77.3600,72.6912,1089457,0.0000,1.0000
2016-05-24,75.1400,76.7800,74.8000,76.5700,71.9489,1278287,0.0000,1.0000
2016-05-23,74.5200,75.0300,74.4200,74.5100,70.0132,1054404,0.0000,1.0000
2016-05-20,74.1300,75.0700,74.0600,74.8800,70.3608,3992088,0.0000,1.0000
2016-05-19,73.9900,74.2800,73.0400,73.7400,69.2897,1217614,0.0000,1.0000
2016-05-18,74.0200,74.7200,73.5700,74.4300,69.9380,1787899,0.0000,1.0000
2016-05-17,74.3600,74.8100,73.7700,74.0800,69.6091,1191121,0.0000,1.0000
2016-05-16,74.2100,75.0800,74.2100,74.7400,70.2293,1008843,0.0000,1.0000
2016-05-13,75.3900,76.0000,73.5700,74.1300,69.6561,1050432,0.0000,1.0000
2016-05-12,75.6900,76.1800,75.0700,75.6100,71.0468,914215,0.0000,1.0000
2016-05-11,75.4500,76.0700,75.3300,75.3500,70.8025,1346032,0.0000,1.0000
2016-05-10,75.2500,75.9300,75.0350,75.8600,71.2817,1447475,0.0000,1.0000
2016-05-09,74.8000,75.4100,74.4500,75.0400,70.5112,1346111,0.0000,1.0000
2016-05-06,73.7500,75.1100,73.7000,75.0900,70.5582,1422861,0.0000,1.0000
2016-05-05,74.6200,74.9000,74.0700,74.3400,69.8534,1895346,0.0000,1.0000
2016-05-04,74.6900,74.9600,74.0400,74.2900,69.8065,1205118,0.0000,1.0000
2016-05-03,75.0900,75.0900,73.9400,74.9300,70.4078,1186905,0.0000,1.0000
2016-05-02,75.6500,75.9200,74.7000,75.6900,71.1220,1334787,0.0000,1.0000
2016-04-29,75.0500,75.7500,74.7600,75.2900,70.7461,1431679,0.0000,1.0000
2016-04-28,76.9400,77.2300,75.4400,75.7700,71.1971,1759943,0.0000,1.0000
2016-04-27,77.1900,77.9800,76.8800,77.4600,72.7851,1952611,0.0000,1.0000
2016-04-26,78.4800,79.0000,76.3200,77.5200,72.8415,2740392,0.0000,1.0000
2016-04-25,77.2700,77.8500,76.5800,76.9700,72.3247,1897086,0.0000,1.0000
2016-04-22,77.5700,78.0300,77.0800,77.5800,72.8979,1524951,0.0000,1.0000
2016-04-21,78.3500,78.7100,77.2200,77.6300,72.9449,1438838,0.0000,1.0000
2016-04-20,77.9200,78.6800,77.5000,78.3400,73.6120,1647136,0.0000,1.0000
2016-04-19,77.1800,77.8500,76.8000,77.7200,73.0294,1159662,0.0000,1.0000
2016-04-18,76.3400,76.7100,76.0100,76.6000,71.9770,1078829,0.0000,1.0000
2016-04-15,76.5400,76.8600,76.1500,76.5300,71.9113,1004881,0.0000,1.0000
2016-04-14,76.4900,76.9700,75.5100,76.6100,71.9864,1040196,0.0000,1.0000
2016-04-13,74.7200,76.5200,74.5400,76.5000,71.8831,2418528,0.0000,1.0000
2016-04-12,72.4500,74.0900,72.0201,74.0400,69.5715,1668931,0.0000,1.0000
2016-04-11,72.4300,73.4700,72.1400,72.1900,67.8332,1175633,0.0000,1.0000
2016-04-08,72.2000,72.3000,71.4200,71.8000,67.4667,1275679,0.0000,1.0000
2016-04-07,72.6300,73.0500,71.2600,71.4800,67.1660,1366686,0.0000,1.0000
2016-04-06,72.5000,73.6000,72.3520,73.3500,68.9232,1333355,0.0000,1.0000
2016-04-05,72.5100,72.7100,72.0800,72.3400,67.9741,1047058,0.0000,1.0000
2016-04-04,73.7800,73.9800,72.8400,73.0300,68.6225,1012862,0.0000,1.0000
2016-04-01,72.9700,74.0800,72.4120,73.9500,69.4870,1299229,0.0000,1.0000
2016-03-31,73.7900,74.2100,73.3900,73.4600,69.0265,1326578,0.0000,1.0000
2016-03-30,74.1600,74.7200,73.8100,73.9000,69.4400,1445470,0.0000,1.0000
2016-03-29,72.3400,74.0535,71.8400,73.9000,69.4400,1447332,0.0000,1.0000
2016-03-28,72.7400,73.0700,72.1500,72.8000,68.4064,668915,0.0000,1.0000
2016-03-24,72.3600,72.6200,72.0500,72.5100,68.1339,1150985,0.0000,1.0000
2016-03-23,73.0500,73.5200,72.5400,73.1000,68.6883,1063477,0.0000,1.0000
2016-03-22,72.9400,73.6199,72.6500,73.0900,68.6789,969083,0.0000,1.0000
2016-03-21,73.2400,73.7000,72.2600,73.3600,68.9326,1083864,0.0000,1.0000
2016-03-18,73.4500,73.8900,72.0000,73.5400,69.1017,2446562,0.0000,1.0000
2016-03-17,71.4200,73.8100,71.3300,73.2100,68.7916,1768923,0.0000,1.0000
2016-03-16,70.1500,71.6100,69.9700,71.3200,67.0157,1095828,0.0000,1.0000
2016-03-15,70.7900,70.9100,69.9000,70.6000,66.3392,1746682,0.0000,1.0000
2016-03-14,71.8800,72.3200,71.5100,71.6700,67.3446,1053307,0.5400,1.0000
2016-03-11,71.9000,72.8300,71.5800,72.6300,67.7363,1287135,0.0000,1.0000
2016-03-10,71.8500,71.9000,70.2200,71.3100,66.5052,918196,0.0000,1.0000
2016-03-09,72.2000,72.3600,70.9000,71.5200,66.7011,1354537,0.0000,1.0000
2016-03-08,71.9700,72.6000,71.5600,71.9700,67.1207,1601568,0.0000,1.0000
2016-03-07,72.3500,73.0000,72.0000,72.5600,67.6710,1210671,0.0000,1.0000
2016-03-04,72.3400,73.2800,71.9700,72.7800,67.8762,1367921,0.0000,1.0000
2016-03-03,71.7600,72.3500,71.2600,72.3400,67.4658,1123599,0.0000,1.0000
2016-03-02,71.1600,71.6900,70.4500,71.6700,66.8410,1307375,0.0000,1.0000
2016-03-01,69.9300,71.4000,69.6300,71.4000,66.5892,1740192,0.0000,1.0000
2016-02-29,69.7600,70.2300,69.0900,69.1100,64.4535,1389205,0.0000,1.0000
2016-02-26,70.5100,70.6400,69.3000,69.7200,65.0224,1040705,0.0000,1.0000
2016-02-25,69.1900,69.6500,68.1550,69.6400,64.9477,1028415,0.0000,1.0000
2016-02-24,67.3400,69.0800,66.2700,68.9600,64.3136,1483941,0.0000,1.0000
2016-02-23,70.0300,70.2700,68.2700,68.6000,63.9778,1260589,0.0000,1.0000
2016-02-22,69.7200,70.2400,69.1400,69.8900,65.1809,1271099,0.0000,1.0000
2016-02-19,69.1400,69.3950,68.3300,68.8600,64.2203,1463773,0.0000,1.0000
2016-02-18,70.5200,70.5500,69.0000,69.4300,64.7519,1569199,0.0000,1.0000
2016-02-17,69.2600,70.7000,68.5150,70.2600,65.5260,1858171,0.0000,1.0000
2016-02-16,68.5000,68.8100,67.7400,68.4700,63.8566,1546007,0.0000,1.0000
2016-02-12,66.8700,67.5600,65.9800,67.5500,62.9986,1368653,0.0000,1.0000
2016-02-11,64.7100,66.2000,64.6500,65.4800,61.0680,2095186,0.0000,1.0000
2016-02-10,67.4600,68.3500,66.5500,66.5900,62.1032,1509487,0.0000,1.0000
2016-02-09,65.2000,67.1500,64.8100,66.4900,62.0100,2326340,0.0000,1.0000
2016-02-08,67.9800,67.9800,64.2600,65.9700,61.5250,4241923,0.0000,1.0000
2016-02-05,69.4000,69.9100,68.3650,68.6400,64.0151,2616542,0.0000,1.0000
2016-02-04,68.4100,69.8200,68.4000,69.7800,65.0783,3472632,0.0000,1.0000
2016-02-03,68.4600,69.0700,66.4000,68.6400,64.0151,2326248,0.0000,1.0000
2016-02-02,68.9200,69.4600,67.7900,68.0500,63.4649,2657128,0.0000,1.0000
2016-02-01,70.4400,70.6000,69.4000,70.1600,65.4327,2375405,0.0000,1.0000
2016-01-29,68.5100,71.1600,68.4405,70.9500,66.1695,2843953,0.0000,1.0000
2016-01-28,68.2500,70.8000,68.0100,68.4200,63.8099,2984743,0.0000,1.0000
2016-01-27,66.6700,67.5682,65.5000,66.2300,61.7675,2231968,0.0000,1.0000
2016-01-26,65.7700,67.6461,65.4400,66.6500,62.1592,1533266,0.0000,1.0000
2016-01-25,67.0800,67.3400,65.2900,65.4100,61.0028,1640791,0.0000,1.0000
2016-01-22,66.7700,67.4400,66.2800,67.4300,62.8866,1650778,0.0000,1.0000
2016-01-21,65.3300,67.2570,65.1100,65.5600,61.1426,2112296,0.0000,1.0000
2016-01-20,64.4000,65.7700,63.7500,65.0900,60.7043,2598145,0.0000,1.0000
2016-01-19,65.9500,66.5400,65.0700,65.5600,61.1426,2025228,0.0000,1.0000
2016-01-15,63.8300,65.4890,63.5700,64.9500,60.5737,2669717,0.0000,1.0000
2016-01-14,65.1500,66.1552,64.3500,65.5800,61.1613,2277262,0.0000,1.0000
2016-01-13,66.9700,67.7600,64.7050,64.8700,60.4991,2297061,0.0000,1.0000
2016-01-12,65.7300,66.8200,65.1600,66.7100,62.2152,2915662,0.0000,1.0000
2016-01-11,65.7000,65.9600,64.3400,65.0100,60.6297,2068949,0.0000,1.0000
2016-01-08,67.4600,67.6500,65.2800,65.3600,60.9561,2142527,0.0000,1.0000
2016-01-07,67.5100,68.7600,66.6700,67.0600,62.5416,2238119,0.0000,1.0000
2016-01-06,69.1400,69.4050,68.6200,68.9000,64.2576,1752252,0.0000,1.0000
2016-01-05,70.3900,70.8100,69.5000,70.4800,65.7311,1403665,0.0000,1.0000
2016-01-04,69.9300,70.2100,69.1700,70.1900,65.4607,2353503,0.0000,1.0000
2015-12-31,72.0500,72.4900,71.4900,71.4900,66.6731,1052924,0.0000,1.0000
2015-12-30,72.9300,73.3900,72.0351,72.0900,67.2327,1080980,0.0000,1.0000
2015-12-29,72.7300,73.6400,72.7300,73.1000,68.1746,1021078,0.0000,1.0000
2015-12-28,72.2500,72.8303,71.9700,72.7200,67.8202,1010988,0.0000,1.0000
2015-12-24,72.4800,72.9611,72.1800,72.4500,67.5684,431884,0.0000,1.0000
2015-12-23,71.0000,73.0000,70.9200,72.7500,67.8482,1583146,0.0000,1.0000
2015-12-22,70.6300,70.9800,70.1900,70.9100,66.1322,1809897,0.0000,1.0000
2015-12-21,70.5200,70.7500,70.0200,70.3900,65.6472,1612031,0.0000,1.0000
2015-12-18,70.4800,70.9800,69.8100,69.9100,65.1995,2562401,0.0000,1.0000
2015-12-17,72.1400,72.4949,70.9000,71.0100,66.2254,1564600,0.0000,1.0000
2015-12-16,72.1400,72.4062,70.9700,72.1300,67.2700,2699172,0.0000,1.0000
2015-12-15,70.8900,71.6500,70.8900,71.3700,66.5612,2105470,0.0000,1.0000
2015-12-14,70.2000,71.0000,68.7600,70.0400,65.3208,1985454,0.5200,1.0000
2015-12-11,72.3300,72.4800,70.4700,70.8000,65.5430,2173192,0.0000,1.0000
2015-12-10,73.1300,74.1300,72.9400,73.3400,67.8944,1653174,0.0000,1.0000
2015-12-09,73.7500,74.4700,72.7500,73.1700,67.7370,1131327,0.0000,1.0000
2015-12-08,74.5900,74.6800,73.9400,74.1100,68.6072,1901595,0.0000,1.0000
2015-12-07,75.8600,76.0700,74.6900,75.1600,69.5792,1592090,0.0000,1.0000
2015-12-04,75.3000,76.2600,75.1400,76.0300,70.3846,2197406,0.0000,1.0000
2015-12-03,75.7400,75.9300,74.6400,75.1700,69.5885,2346935,0.0000,1.0000
2015-12-02,76.5000,76.5900,75.3000,75.5400,69.9310,1157318,0.0000,1.0000
2015-12-01,76.6000,77.0500,76.0200,76.4900,70.8105,1326429,0.0000,1.0000
2015-11-30,76.1600,76.4100,75.4800,76.1500,70.4957,1528708,0.0000,1.0000
2015-11-27,76.0600,76.1300,75.4900,75.9500,70.3106,512459,0.0000,1.0000
2015-11-25,75.5900,76.4200,75.3400,76.0100,70.3661,858608,0.0000,1.0000
2015-11-24,75.2400,75.7800,74.9701,75.6200,70.0051,870814,0.0000,1.0000
2015-11-23,76.4200,76.7000,76.0200,76.1500,70.4957,655639,0.0000,1.0000
2015-11-20,76.6700,76.9100,75.9100,76.3700,70.6994,1069429,0.0000,1.0000
2015-11-19,76.3800,76.4800,76.0100,76.3800,70.7086,716389,0.0000,1.0000
2015-11-18,74.8100,76.4900,74.7200,76.4900,70.8105,1194792,0.0000,1.0000
2015-11-17,75.2300,75.5700,74.4700,74.7400,69.1904,1064062,0.0000,1.0000
2015-11-16,74.3000,75.3600,73.7800,75.3400,69.7459,797641,0.0000,1.0000
2015-11-13,75.0300,75.3200,74.1600,74.3600,68.8386,1235560,0.0000,1.0000
2015-11-12,76.0300,76.6700,75.1900,75.2500,69.6625,1382694,0.0000,1.0000
2015-11-11,76.4700,76.7350,76.1700,76.3800,70.7086,966422,0.0000,1.0000
2015-11-10,75.4500,76.1600,75.2600,76.1600,70.5050,824123,0.0000,1.0000
2015-11-09,76.8100,76.8700,75.2500,75.5300,69.9218,1360564,0.0000,1.0000
2015-11-06,77.1700,77.7100,76.4150,76.9300,71.2178,930326,0.0000,1.0000
2015-11-05,76.3800,77.0500,76.2600,76.6700,70.9771,831310,0.0000,1.0000
2015-11-04,76.6000,76.9400,76.0000,76.1900,70.5328,1018405,0.0000,1.0000
2015-11-03,75.8200,76.8900,75.6700,76.6800,70.9864,1170903,0.0000,1.0000
2015-11-02,75.9600,76.2200,75.5800,76.1900,70.5328,1433297,0.0000,1.0000
2015-10-30,75.3600,75.9900,75.0100,75.6200,70.0051,1967703,0.0000,1.0000
2015-10-29,74.8600,75.5500,74.3100,75.3800,69.7829,1268715,0.0000,1.0000
2015-10-28,74.0600,75.2400,73.8000,75.2400,69.6533,1644279,0.0000,1.0000
2015-10-27,73.5200,74.0000,73.2100,73.9500,68.4591,1019196,0.0000,1.0000
2015-10-26,74.3100,74.5300,73.8700,74.1900,68.6813,1284349,0.0000,1.0000
2015-10-23,74.6100,74.6100,73.4300,74.3900,68.8664,1986100,0.0000,1.0000
2015-10-22,70.9000,74.6235,70.7400,74.2500,68.7368,3740170,0.0000,1.0000
2015-10-21,70.9700,71.0000,69.5600,69.6400,64.4691,1406067,0.0000,1.0000
2015-10-20,70.4900,70.7900,70.1200,70.5500,65.3115,1033590,0.0000,1.0000
2015-10-19,70.3100,70.5900,70.0000,70.2600,65.0431,992026,0.0000,1.0000
2015-10-16,70.5300,70.9000,70.2000,70.8000,65.5430,1308831,0.0000,1.0000
2015-10-15,69.1900,70.2000,69.1300,70.2000,64.9875,1202463,0.0000,1.0000
2015-10-14,69.1300,69.8500,68.8450,68.9800,63.8581,1296864,0.0000,1.0000
2015-10-13,70.2300,70.2800,69.0800,69.1500,64.0155,1679892,0.0000,1.0000
2015-10-12,70.8900,71.0000,69.6000,70.2400,65.0246,2320736,0.0000,1.0000
2015-10-09,72.1400,72.4500,71.1300,71.5000,66.1910,1528775,0.0000,1.0000
2015-10-08,71.4700,72.1700,70.9500,72.0400,66.6909,1631030,0.0000,1.0000
2015-10-07,71.4500,72.1700,70.6500,71.9800,66.6354,1430503,0.0000,1.0000
2015-10-06,70.5400,70.8700,69.9900,70.6300,65.3856,1205343,0.0000,1.0000
2015-10-05,69.5100,70.8200,69.4250,70.7500,65.4967,1509313,0.0000,1.0000
2015-10-02,66.3200,68.7500,65.8820,68.7400,63.6359,2105605,0.0000,1.0000
2015-10-01,69.5500,69.9400,67.9400,68.5900,63.4971,1880821,0.0000,1.0000
2015-09-30,69.2100,69.5300,68.5050,69.5000,64.3395,1865229,0.0000,1.0000
2015-09-29,69.4500,71.1900,67.9800,68.2700,63.2008,2689922,0.0000,1.0000
2015-09-28,68.9400,69.3800,68.4400,69.1000,63.9692,3518226,0.0000,1.0000
2015-09-25,68.9400,69.4700,68.6300,69.1200,63.9877,2098234,0.0000,1.0000
2015-09-24,68.4200,68.7700,67.9300,68.3600,63.2841,2242278,0.0000,1.0000
2015-09-23,69.3100,69.3720,68.5100,68.8700,63.7563,1370019,0.0000,1.0000
2015-09-22,69.1600,69.8500,68.5600,69.0600,63.9322,1969048,0.0000,1.0000
2015-09-21,69.9000,70.4400,69.5500,70.2200,65.0060,1033322,0.0000,1.0000
2015-09-18,70.0900,70.7600,69.2800,69.5700,64.4043,2956126,0.0000,1.0000
2015-09-17,71.4600,72.4400,70.9300,71.0600,65.7837,1858026,0.0000,1.0000
2015-09-16,71.0400,71.7900,70.4800,71.6800,66.3576,1380859,0.0000,1.0000
2015-09-15,70.5800,71.5100,70.1700,70.9500,65.6818,1900198,0.0000,1.0000
2015-09-14,70.9600,70.9760,70.2800,70.5800,65.3393,1309356,0.0000,1.0000
2015-09-11,70.2200,71.0300,70.0000,71.0000,65.7281,1181322,0.5200,1.0000
2015-09-10,70.4600,71.5000,70.4200,70.9200,65.1767,1372397,0.0000,1.0000
2015-09-09,72.0000,72.8800,70.3200,70.4500,64.7448,1689642,0.0000,1.0000
2015-09-08,70.2600,71.1800,69.5980,71.1500,65.3881,1839798,0.0000,1.0000
2015-09-04,69.4500,70.1200,68.9900,69.4400,63.8166,1500914,0.0000,1.0000
2015-09-03,69.8900,70.7700,69.7400,70.3600,64.6621,1853886,0.0000,1.0000
2015-09-02,70.3700,70.5400,69.0000,69.9100,64.2485,1591136,0.0000,1.0000
2015-09-01,70.1500,70.3200,69.0500,69.3800,63.7614,2445361,0.0000,1.0000
2015-08-31,71.8700,72.2450,71.3000,71.8800,66.0590,1305814,0.0000,1.0000
2015-08-28,72.0900,72.4800,71.8100,72.4000,66.5369,1408214,0.0000,1.0000
2015-08-27,71.5700,73.1200,71.5700,72.9000,66.9964,2214785,0.0000,1.0000
2015-08-26,69.6200,71.1200,69.1600,70.8100,65.0756,3412796,0.0000,1.0000
2015-08-25,72.2000,72.2000,68.3200,68.3300,62.7965,3049139,0.0000,1.0000
2015-08-24,68.3300,72.1000,67.7600,69.6500,64.0096,4135370,0.0000,1.0000
2015-08-21,73.3700,73.7700,72.0100,72.0900,66.2520,3034698,0.0000,1.0000
2015-08-20,75.2000,75.2000,72.0000,73.9300,67.9430,1509565,0.0000,1.0000
2015-08-19,75.9700,76.2400,75.1006,75.4700,69.3582,899343,0.0000,1.0000
2015-08-18,77.5700,77.5700,76.0500,76.3400,70.1578,676643,0.0000,1.0000
2015-08-17,75.5000,76.2800,75.3600,76.2300,70.0567,819083,0.0000,1.0000
2015-08-14,75.5900,76.1500,75.5000,76.0700,69.9096,772237,0.0000,1.0000
2015-08-13,75.3800,76.3550,75.0200,75.8300,69.6891,982082,0.0000,1.0000
2015-08-12,75.7400,75.7560,74.0400,75.4700,69.3582,2510441,0.0000,1.0000
2015-08-11,76.6700,76.6700,75.8800,76.1800,70.0107,1131030,0.0000,1.0000
2015-08-10,76.5100,76.9000,76.2500,76.8900,70.6632,1181858,0.0000,1.0000
2015-08-07,76.0600,76.2700,75.3300,75.8400,69.6983,969832,0.0000,1.0000
2015-08-06,76.8500,76.8699,75.4600,75.8900,69.7442,1164228,0.0000,1.0000
2015-08-05,77.3400,77.4900,76.0700,76.4800,70.2864,1534508,0.0000,1.0000
2015-08-04,77.2500,77.7700,76.7300,77.0500,70.8103,1113563,0.0000,1.0000
2015-08-03,77.1300,77.3900,76.7100,77.2400,70.9849,1100102,0.0000,1.0000
2015-07-31,77.6300,77.9800,77.0200,77.1300,70.8838,1431790,0.0000,1.0000
2015-07-30,77.0900,77.8300,77.0200,77.5000,71.2238,1175228,0.0000,1.0000
2015-07-29,77.3800,77.7700,76.9300,77.5600,71.2790,1105303,0.0000,1.0000
2015-07-28,77.3700,77.3800,76.6500,77.1600,70.9114,1042730,0.0000,1.0000
2015-07-27,76.5800,76.9000,75.5500,76.6300,70.4243,1427889,0.0000,1.0000
2015-07-24,77.1000,77.5600,75.9900,76.8400,70.6173,1714994,0.0000,1.0000
2015-07-23,78.0600,78.9800,77.0300,77.2800,71.0217,2349949,0.0000,1.0000
2015-07-22,79.0700,79.2200,78.4500,78.7400,72.3634,1639170,0.0000,1.0000
2015-07-21,79.1400,79.7400,78.7400,79.0700,72.6667,1029764,0.0000,1.0000
2015-07-20,79.5300,79.6200,79.0500,79.3500,72.9240,792535,0.0000,1.0000
2015-07-17,79.1600,79.5000,79.0200,79.4200,72.9884,1180929,0.0000,1.0000
2015-07-16,78.6900,79.5200,78.4100,79.5100,73.0711,1463990,0.0000,1.0000
2015-07-15,78.3800,78.5300,77.8700,78.1900,71.8580,1113578,0.0000,1.0000
2015-07-14,78.3400,78.4600,77.9100,78.0900,71.7661,1077644,0.0000,1.0000
2015-07-13,78.1300,78.3800,77.7300,78.3100,71.9682,1209834,0.0000,1.0000
2015-07-10,77.4800,77.5765,76.9200,77.4300,71.1595,1193507,0.0000,1.0000
2015-07-09,76.7400,77.1700,76.4800,76.6100,70.4059,2031358,0.0000,1.0000
2015-07-08,76.4800,76.7600,75.6100,75.7700,69.6339,1863814,0.0000,1.0000
2015-07-07,77.1200,77.3000,75.8800,77.2150,70.9619,1514212,0.0000,1.0000
2015-07-06,76.4800,77.1800,76.3700,76.9300,70.7000,1407968,0.0000,1.0000
2015-07-02,77.9100,77.9800,76.9200,77.3400,71.0768,1132640,0.0000,1.0000
2015-07-01,78.4600,78.8000,77.4700,77.6800,71.3893,1581481,0.0000,1.0000
2015-06-30,78.4200,78.8600,77.2900,77.7300,71.4352,1708311,0.0000,1.0000
2015-06-29,77.5500,78.9660,77.3901,77.4700,71.1963,2136652,0.0000,1.0000
2015-06-26,79.0400,79.7800,78.7100,79.4000,72.9700,2062512,0.0000,1.0000
2015-06-25,78.6700,78.9600,77.9800,78.0600,71.7385,1467301,0.0000,1.0000
2015-06-24,78.8300,79.3300,78.6800,78.7300,72.3542,1675031,0.0000,1.0000
2015-06-23,79.2400,79.3300,78.7840,78.9500,72.5564,1873135,0.0000,1.0000
2015-06-22,79.2800,79.8100,78.8900,79.0700,72.6667,1347543,0.0000,1.0000
2015-06-19,79.4800,79.7400,78.8500,78.8500,72.4645,1852248,0.0000,1.0000
2015-06-18,79.0300,79.9600,79.0300,79.6450,73.1951,1373068,0.0000,1.0000
2015-06-17,78.9700,79.2400,78.6200,78.7500,72.3726,1205025,0.0000,1.0000
2015-06-16,77.6500,78.8600,77.6500,78.7800,72.4002,1095185,0.0000,1.0000
2015-06-15,77.6300,78.3300,77.4100,78.0300,71.7109,1565997,0.0000,1.0000
2015-06-12,78.8200,78.8300,78.1500,78.3300,71.9866,1039425,0.0000,1.0000
2015-06-11,78.9800,79.2000,78.5700,78.9700,72.5748,1481991,0.5200,1.0000
2015-06-10,78.6100,79.0100,78.5000,78.8700,72.0087,1515936,0.0000,1.0000
2015-06-09,78.9300,78.9300,78.0700,78.1000,71.3057,1754588,0.0000,1.0000
2015-06-08,79.0600,79.6000,78.5600,78.6100,71.7714,1372316,0.0000,1.0000
2015-06-05,79.6400,79.7100,78.8700,79.2200,72.3283,1306881,0.0000,1.0000
2015-06-04,79.8100,79.9300,78.9500,79.2000,72.3100,1628301,0.0000,1.0000
2015-06-03,80.5500,80.8000,79.5500,79.9700,73.0130,2797388,0.0000,1.0000
2015-06-02,80.4100,80.6100,79.8200,80.2800,73.2961,1600357,0.0000,1.0000
2015-06-01,80.9500,81.2200,80.1400,80.8100,73.7800,1288237,0.0000,1.0000
2015-05-29,81.0300,81.2800,80.6600,80.6900,73.6704,1182352,0.0000,1.0000
2015-05-28,81.1100,81.3400,80.8850,81.2800,74.2091,992615,0.0000,1.0000
2015-05-27,81.0400,81.6000,80.6500,81.2700,74.1999,1215782,0.0000,1.0000
2015-05-26,81.4400,81.6350,80.2700,80.6700,73.6521,1403795,0.0000,1.0000
2015-05-22,81.6200,81.9600,81.3300,81.5700,74.4739,888215,0.0000,1.0000
2015-05-21,81.5200,81.8300,81.3100,81.6900,74.5834,830183,0.0000,1.0000
2015-05-20,81.8800,82.1300,81.4900,81.7900,74.6747,847721,0.0000,1.0000
2015-05-19,82.3100,82.5000,81.7600,81.9500,74.8208,1056236,0.0000,1.0000
2015-05-18,81.5000,82.3300,81.4800,82.1300,74.9851,716099,0.0000,1.0000
2015-05-15,82.0600,82.2200,81.3120,81.5500,74.4556,1569318,0.0000,1.0000
2015-05-14,81.6800,82.0950,81.2200,81.9800,74.8482,799369,0.0000,1.0000
2015-05-13,80.9100,81.3450,80.6200,81.1800,74.1178,1369659,0.0000,1.0000
2015-05-12,81.3100,81.3900,80.3300,81.1300,74.0721,1003133,0.0000,1.0000
2015-05-11,81.6800,82.1000,81.5800,81.6500,74.5469,1017427,0.0000,1.0000
2015-05-08,81.3300,81.9400,81.2401,81.6800,74.5743,1144399,0.0000,1.0000
2015-05-07,80.5700,80.9600,80.2900,80.7500,73.7252,2241595,0.0000,1.0000
2015-05-06,81.5800,81.8800,80.1698,80.6200,73.6065,1121929,0.0000,1.0000
2015-05-05,81.5100,82.1300,81.2200,81.3900,74.3095,973450,0.0000,1.0000
2015-05-04,81.9000,82.0800,81.5600,81.9200,74.7934,1005005,0.0000,1.0000
2015-05-01,81.4500,81.5900,80.9600,81.4900,74.4008,904652,0.0000,1.0000
2015-04-30,81.5200,82.1600,80.8500,81.1800,74.1178,1717796,0.0000,1.0000
2015-04-29,82.1000,82.8700,81.5000,81.9400,74.8117,1370658,0.0000,1.0000
2015-04-28,82.0900,82.7900,81.6900,82.7750,75.5740,1150583,0.0000,1.0000
2015-04-27,82.6700,83.0600,82.2000,82.4000,75.2316,1011016,0.0000,1.0000
2015-04-24,82.0400,82.6700,81.8300,82.5700,75.3869,1097089,0.0000,1.0000
2015-04-23,82.5700,82.5700,81.7100,82.0700,74.9304,1649276,0.0000,1.0000
2015-04-22,83.4500,83.4500,81.1650,82.5900,75.4051,2073887,0.0000,1.0000
2015-04-21,83.4200,83.5000,82.6600,82.8000,75.5968,1514464,0.0000,1.0000
2015-04-20,83.1900,83.5200,82.7400,83.0000,75.7794,1571509,0.0000,1.0000
2015-04-17,82.6100,82.6100,81.9800,82.4200,75.2499,1936865,0.0000,1.0000
2015-04-16,82.4100,83.2300,81.9500,83.0550,75.8297,1881193,0.0000,1.0000
2015-04-15,82.4300,83.0000,82.2700,82.7900,75.5877,1254534,0.0000,1.0000
2015-04-14,80.8900,82.3600,80.6350,82.0700,74.9304,1607618,0.0000,1.0000
2015-04-13,80.9000,81.8900,80.6100,81.4000,74.3186,1576003,0.0000,1.0000
2015-04-10,81.2900,81.5100,80.5900,80.9800,73.9352,1401969,0.0000,1.0000
2015-04-09,80.6300,81.7200,80.2401,81.4400,74.3552,1965448,0.0000,1.0000
2015-04-08,79.3800,80.7700,79.2100,80.6100,73.5974,2281426,0.0000,1.0000
2015-04-07,80.3200,80.5400,79.0100,79.0500,72.1731,1456731,2.0000,1.0000
2015-04-06,81.1950,82.3500,80.9500,82.1200,73.1259,1014033,0.0000,1.0000
2015-04-02,81.7900,82.0800,81.3000,81.9600,72.9834,952189,0.0000,1.0000
2015-04-01,81.1500,81.7650,80.5800,81.6000,72.6628,1511635,0.0000,1.0000
2015-03-31,81.4600,81.6500,80.9500,80.9800,72.1107,1472317,0.0000,1.0000
2015-03-30,81.6900,82.2900,81.5500,81.7350,72.7831,1169007,0.0000,1.0000
2015-03-27,81.0500,81.3800,80.8000,81.2100,72.3156,1151345,0.0000,1.0000
2015-03-26,80.8400,81.9500,80.7700,81.1600,72.2710,1433218,0.0000,1.0000
2015-03-25,83.3800,83.3800,81.5400,81.5800,72.6450,930363,0.0000,1.0000
2015-03-24,83.1600,83.6000,82.8600,83.1900,74.0787,1147166,0.0000,1.0000
2015-03-23,84.0000,84.3800,83.2900,83.3000,74.1766,1410941,0.0000,1.0000
2015-03-20,83.1800,84.2100,82.8300,83.9900,74.7911,2858766,0.0000,1.0000
2015-03-19,83.5000,83.8300,82.5100,82.8300,73.7581,1323580,0.0000,1.0000
2015-03-18,83.4900,84.2200,82.7400,83.8750,74.6887,1290678,0.0000,1.0000
2015-03-17,82.7200,83.7900,82.7100,83.5600,74.4082,1060823,0.0000,1.0000
2015-03-16,82.8800,83.5400,82.8700,83.5300,74.3815,943359,0.0000,1.0000
2015-03-13,82.8700,82.9300,81.6050,82.1850,73.1838,1254736,0.0000,1.0000
2015-03-12,81.5400,83.1000,81.2700,82.9300,73.8472,1540452,0.5200,1.0000
2015-03-11,81.2900,81.9900,81.1700,81.6800,72.2809,1258719,0.0000,1.0000
2015-03-10,81.8300,82.0100,81.1600,81.1600,71.8207,1430001,0.0000,1.0000
2015-03-09,82.1600,82.9600,82.1600,82.7100,73.1923,893922,0.0000,1.0000
2015-03-06,82.8000,83.9000,82.0600,82.1300,72.6791,1340742,0.0000,1.0000
2015-03-05,82.5800,83.0800,82.3800,83.0000,73.4490,694707,0.0000,1.0000
2015-03-04,82.2000,82.7200,81.8900,82.4250,72.9401,901296,0.0000,1.0000
2015-03-03,82.8000,83.1000,82.3700,82.8500,73.3162,911940,0.0000,1.0000
2015-03-02,82.5000,83.3900,82.3600,83.3900,73.7941,1169857,0.0000,1.0000
2015-02-27,83.1100,83.2600,82.4300,82.6000,73.0950,1439456,0.0000,1.0000
2015-02-26,83.6900,83.8300,82.9800,83.3200,73.7321,757408,0.0000,1.0000
2015-02-25,83.3500,83.9500,83.2600,83.5200,73.9091,1199811,0.0000,1.0000
2015-02-24,82.8000,84.1700,82.7800,84.0200,74.3516,1279023,0.0000,1.0000
2015-02-23,83.3800,83.4500,82.4400,83.0900,73.5286,1436878,0.0000,1.0000
2015-02-20,82.5000,83.6962,81.9500,83.5300,73.9180,1506161,0.0000,1.0000
2015-02-19,83.6600,83.6600,81.2800,82.9700,73.4224,2163598,0.0000,1.0000
2015-02-18,82.1100,82.3600,81.3600,81.7100,72.3074,863182,0.0000,1.0000
2015-02-17,81.9800,82.5700,81.7301,82.5000,73.0065,1033121,0.0000,1.0000
2015-02-13,82.3400,82.8099,82.0300,82.4500,72.9622,928700,0.0000,1.0000
2015-02-12,82.2200,82.6400,81.8150,82.2800,72.8118,1451267,0.0000,1.0000
2015-02-11,82.0100,82.3800,81.7500,82.1000,72.6525,1494648,0.0000,1.0000
2015-02-10,82.2000,82.5500,81.3400,82.2200,72.7587,1106969,0.0000,1.0000
2015-02-09,82.1500,82.1500,81.3000,81.4500,72.0773,1730349,0.0000,1.0000
2015-02-06,82.1500,83.0300,81.8950,82.3100,72.8384,1681071,0.0000,1.0000
2015-02-05,81.5600,82.1900,81.1400,81.7500,72.3428,1158551,0.0000,1.0000
2015-02-04,81.0800,81.7500,80.4850,81.0550,71.7278,1116859,0.0000,1.0000
2015-02-03,80.6100,81.2800,79.0801,81.2500,71.9003,1569863,0.0000,1.0000
2015-02-02,78.8800,80.1600,78.6100,80.0100,70.8030,1905773,0.0000,1.0000
2015-01-30,78.2000,79.8200,78.0000,78.7200,69.6615,2856176,0.0000,1.0000
2015-01-29,78.9900,79.8000,77.9600,79.1900,70.0774,2354499,0.0000,1.0000
2015-01-28,80.9700,80.9900,79.2000,79.2300,70.1128,2832036,0.0000,1.0000
2015-01-27,82.0300,82.6100,81.1403,81.9700,72.5375,1343823,0.0000,1.0000
2015-01-26,85.2200,85.2200,81.3100,82.9200,73.3782,1142796,0.0000,1.0000
2015-01-23,83.2400,83.6900,82.0900,82.1700,72.7145,1289968,0.0000,1.0000
2015-01-22,81.8100,83.6000,81.0000,83.1600,73.5905,2198861,0.0000,1.0000
2015-01-21,80.8900,82.1700,80.0300,81.2100,71.8649,2029019,0.0000,1.0000
2015-01-20,81.9300,82.2400,80.6600,81.3600,71.9977,1448622,0.0000,1.0000
2015-01-16,80.2100,81.5300,79.2000,81.5000,72.1216,2072362,0.0000,1.0000
2015-01-15,81.7700,82.1900,80.7400,81.0300,71.7056,1251826,0.0000,1.0000
2015-01-14,82.3400,82.6400,80.8800,81.7650,72.3561,1567007,0.0000,1.0000
2015-01-13,83.9600,84.8400,82.5000,83.0600,73.5020,1611376,0.0000,1.0000
2015-01-12,84.1300,84.1300,82.3200,82.9300,73.3870,970381,0.0000,1.0000
2015-01-09,84.5700,84.8000,83.2100,83.8650,74.2144,938393,0.0000,1.0000
2015-01-08,84.1300,84.6400,83.8080,84.5100,74.7852,1220983,0.0000,1.0000
2015-01-07,82.4700,83.6100,82.1800,83.5200,73.9091,1267116,0.0000,1.0000
2015-01-06,84.3900,84.6880,81.7200,82.3100,72.8384,2012707,0.0000,1.0000
2015-01-05,85.0500,85.3960,83.4900,83.7900,74.1480,1174151,0.0000,1.0000
2015-01-02,86.6000,87.2200,85.1050,85.7600,75.8914,999901,0.0000,1.0000
2014-12-31,87.1400,87.4900,85.8200,85.8600,75.9798,977193,0.0000,1.0000
2014-12-30,87.0800,88.6400,86.3300,86.9100,76.9090,645346,0.0000,1.0000
2014-12-29,86.8000,87.8800,86.7000,87.2600,77.2187,624019,0.0000,1.0000
2014-12-26,87.8500,87.9200,87.1600,87.1900,77.1568,561470,0.0000,1.0000
2014-12-24,87.5800,87.8700,87.2000,87.3400,77.2895,417493,0.0000,1.0000
2014-12-23,87.6500,88.5300,87.2200,87.5900,77.5108,1104213,0.0000,1.0000
2014-12-22,87.0400,87.4500,86.5400,87.2200,77.1833,990265,0.0000,1.0000
2014-12-19,86.7600,87.3000,86.4400,86.7200,76.7409,2387323,0.0000,1.0000
2014-12-18,85.2500,86.4000,84.6900,86.3900,76.4489,1977185,0.0000,1.0000
2014-12-17,82.1500,84.1800,81.7200,84.0000,74.3339,1717033,0.0000,1.0000
2014-12-16,81.9300,83.2100,81.4316,81.6000,72.2101,1984926,0.0000,1.0000
2014-12-15,81.2600,84.1700,81.2600,82.4200,72.9357,1834496,0.0000,1.0000
2014-12-12,83.5100,83.5100,81.9700,82.0000,72.5640,2032230,0.4400,1.0000
2014-12-11,84.5000,85.1600,84.0800,84.2050,74.1176,1821203,0.0000,1.0000
2014-12-10,84.5500,84.8300,83.8000,83.9500,73.8931,1300585,0.0000,1.0000
2014-12-09,83.6500,84.7600,83.4400,84.7300,74.5797,697136,0.0000,1.0000
2014-12-08,84.3200,85.4500,83.9500,84.8000,74.6413,899984,0.0000,1.0000
2014-12-05,83.9100,84.8800,83.9100,84.4900,74.3684,1105152,0.0000,1.0000
2014-12-04,83.5900,83.8500,83.1200,83.6500,73.6291,756584,0.0000,1.0000
2014-12-03,83.1600,83.8800,83.0600,83.7400,73.7083,947165,0.0000,1.0000
2014-12-02,82.7800,83.4200,80.5500,83.2500,73.2770,860096,0.0000,1.0000
2014-12-01,83.0300,83.7300,82.1800,82.6100,72.7137,753104,0.0000,1.0000
2014-11-28,83.7900,84.0000,83.2600,83.4700,73.4706,403775,0.0000,1.0000
2014-11-26,83.3000,83.5000,82.8700,83.1100,73.1538,792360,0.0000,1.0000
2014-11-25,83.2300,84.0000,83.0600,83.2500,73.2770,882123,0.0000,1.0000
2014-11-24,83.2500,83.3600,82.8300,83.2800,73.3034,756287,0.0000,1.0000
2014-11-21,83.0000,83.1700,82.4800,82.8500,72.9249,1157026,0.0000,1.0000
2014-11-20,81.5100,82.3200,81.3400,82.0300,72.2031,714315,0.0000,1.0000
2014-11-19,82.0800,82.2300,81.3200,82.0200,72.1943,769822,0.0000,1.0000
2014-11-18,81.8600,82.4500,81.8600,82.0200,72.1943,925489,0.0000,1.0000
2014-11-17,82.0300,82.1200,81.5500,81.8450,72.0403,925020,0.0000,1.0000
2014-11-14,82.7400,82.8200,81.9300,82.1200,72.2824,749870,0.0000,1.0000
2014-11-13,82.8200,83.0400,82.1000,82.6700,72.7665,983998,0.0000,1.0000
2014-11-12,82.9600,83.1100,82.3800,82.7100,72.8017,1561235,0.0000,1.0000
2014-11-11,82.9000,83.2500,82.6300,83.1700,73.2066,919594,0.0000,1.0000
2014-11-10,83.3900,83.6500,82.5000,83.0000,73.0569,1540148,0.0000,1.0000
2014-11-07,82.1200,83.4800,81.8500,83.2300,73.2594,1687859,0.0000,1.0000
2014-11-06,81.6400,82.5300,81.6000,82.4500,72.5728,4266118,0.0000,1.0000
2014-11-05,82.7600,83.3300,82.4400,83.1000,73.1450,1395003,0.0000,1.0000
2014-11-04,81.9900,83.0000,81.8200,82.9000,72.9689,1259266,0.0000,1.0000
2014-11-03,81.7000,82.7400,81.5100,82.1800,72.3352,1449750,0.0000,1.0000
2014-10-31,82.1300,82.1900,81.3700,82.0900,72.2560,1597320,0.0000,1.0000
2014-10-30,79.9400,81.3500,79.6201,80.8600,71.1733,1392458,0.0000,1.0000
2014-10-29,79.9600,80.3300,79.3650,80.0800,70.4867,1445967,0.0000,1.0000
2014-10-28,78.3900,79.8600,78.2700,79.8200,70.2579,1740939,0.0000,1.0000
2014-10-27,77.8200,78.2800,77.0900,78.1400,68.7791,1135302,0.0000,1.0000
2014-10-24,77.5900,77.9551,77.2200,77.8400,68.5151,990698,0.0000,1.0000
2014-10-23,78.3000,78.3000,76.1100,77.3200,68.0574,2335073,0.0000,1.0000
2014-10-22,77.9900,78.1600,76.9000,76.9900,67.7669,2197509,0.0000,1.0000
2014-10-21,76.9900,77.8500,76.6900,77.6900,68.3831,1774107,0.0000,1.0000
2014-10-20,75.9900,76.2700,75.4300,76.2300,67.0980,1164259,0.0000,1.0000
2014-10-17,76.1900,77.3000,75.6900,76.3900,67.2388,2009331,0.0000,1.0000
2014-10-16,73.4400,76.0000,72.9100,75.4300,66.3938,2102193,0.0000,1.0000
2014-10-15,73.0800,75.0100,71.7800,74.4900,65.5664,2558319,0.0000,1.0000
2014-10-14,74.1800,74.9750,73.9499,74.2300,65.3376,1755334,0.0000,1.0000
2014-10-13,75.2200,75.9300,73.9100,73.9400,65.0823,1855372,0.0000,1.0000
2014-10-10,75.8400,76.5900,75.3300,75.3500,66.3234,2643245,0.0000,1.0000
2014-10-09,77.3200,77.5900,75.9100,75.9700,66.8691,2577515,0.0000,1.0000
2014-10-08,76.3200,77.6500,75.5700,77.5500,68.2598,1668216,0.0000,1.0000
2014-10-07,77.5100,78.1100,76.3800,76.3900,67.2388,1354565,0.0000,1.0000
2014-10-06,78.3000,78.4900,77.6600,78.1400,68.7791,872860,0.0000,1.0000
2014-10-03,77.9900,78.5700,77.7200,77.8850,68.5547,1075572,0.0000,1.0000
2014-10-02,76.8100,77.7700,76.4600,77.4400,68.1630,1432730,0.0000,1.0000
2014-10-01,78.5000,78.7175,76.8100,77.0800,67.8461,1685195,0.0000,1.0000
2014-09-30,78.7700,78.9000,78.0600,78.4000,69.0080,1345356,0.0000,1.0000
2014-09-29,78.5700,78.6900,77.9200,78.5200,69.1136,1399532,0.0000,1.0000
2014-09-26,78.6700,79.4900,78.5300,79.2000,69.7122,1259227,0.0000,1.0000
2014-09-25,79.5900,79.6800,78.5200,78.7200,69.2897,2413993,0.0000,1.0000
2014-09-24,79.3500,79.7400,79.0200,79.6900,70.1435,1657237,0.0000,1.0000
2014-09-23,79.0900,79.6500,78.9400,79.0400,69.5713,1498500,0.0000,1.0000
2014-09-22,80.0700,80.0800,79.1700,79.1900,69.7034,1306900,0.0000,1.0000
2014-09-19,80.5000,80.7400,79.5000,80.0700,70.4779,1487700,0.0000,1.0000
2014-09-18,79.6300,80.5300,79.5600,80.2100,70.6012,918100,0.0000,1.0000
2014-09-17,79.6000,79.7650,78.7800,79.3000,69.8002,1224500,0.0000,1.0000
2014-09-16,78.7400,79.2400,78.4200,79.0800,69.6065,1353800,0.0000,1.0000
2014-09-15,79.5500,79.7227,78.7000,78.9800,69.5185,1271000,0.0000,1.0000
2014-09-12,79.8100,80.0700,79.1800,79.5200,69.9938,1461700,0.0000,1.0000
2014-09-11,79.5000,79.8800,79.2400,79.7400,70.1875,1495400,0.4400,1.0000
2014-09-10,80.4900,80.7200,79.9400,80.1700,70.1787,1493400,0.0000,1.0000
2014-09-09,80.9000,80.9000,80.1300,80.4000,70.3801,1221400,0.0000,1.0000
2014-09-08,80.9100,81.1500,80.7230,81.0100,70.9140,946000,0.0000,1.0000
2014-09-05,80.7900,81.1800,80.2900,81.1700,71.0541,761400,0.0000,1.0000
2014-09-04,80.9700,81.3100,80.6700,80.9700,70.8790,803600,0.0000,1.0000
2014-09-03,81.0900,81.4900,80.5100,80.6500,70.5989,831800,0.0000,1.0000
2014-09-02,81.1900,81.5000,80.4700,80.7100,70.6514,1469100,0.0000,1.0000
2014-08-29,81.0000,81.1700,80.4600,80.9950,70.9009,1108700,0.0000,1.0000
2014-08-28,80.8800,80.9900,79.9600,80.8000,70.7302,1082400,0.0000,1.0000
2014-08-27,81.5600,81.5600,80.3700,80.6600,70.6077,942300,0.0000,1.0000
2014-08-26,80.9300,81.3400,80.6810,80.9100,70.8265,1003000,0.0000,1.0000
2014-08-25,80.0000,80.8400,79.9100,80.7200,70.6602,1217000,0.0000,1.0000
2014-08-22,79.6400,80.1900,79.5000,79.6900,69.7585,1123600,0.0000,1.0000
2014-08-21,79.4300,79.9200,79.2900,79.7800,69.8373,1202600,0.0000,1.0000
2014-08-20,78.7100,79.5600,78.6300,79.4900,69.5835,1737300,0.0000,1.0000
2014-08-19,78.6800,79.0300,78.6050,78.6900,68.8832,1062100,0.0000,1.0000
2014-08-18,78.5800,78.8300,76.8900,78.8200,68.9970,2373300,0.0000,1.0000
2014-08-15,78.7300,78.9700,77.3500,77.7500,68.0603,2140500,0.0000,1.0000
2014-08-14,78.7700,78.8300,78.4500,78.5500,68.7606,1579100,0.0000,1.0000
2014-08-13,76.3100,79.1100,76.3100,78.5600,68.7694,2667000,0.0000,1.0000
2014-08-12,78.1300,78.9100,78.0700,78.3500,68.5855,2029400,0.0000,1.0000
2014-08-11,78.3500,78.7343,78.0000,78.3900,68.6206,1680600,0.0000,1.0000
2014-08-08,77.3100,78.2100,76.3400,78.1100,68.3755,2390400,0.0000,1.0000
2014-08-07,78.0100,78.2900,76.5800,76.8100,67.2375,1496700,0.0000,1.0000
2014-08-06,76.9000,78.2900,76.8450,77.7000,68.0165,1527300,0.0000,1.0000
2014-08-05,77.8500,77.8500,76.8300,77.1000,67.4913,2218600,0.0000,1.0000
2014-08-04,76.6100,77.8400,75.6120,77.5700,67.9028,1771200,0.0000,1.0000
2014-08-01,77.5000,78.0500,76.9400,77.6600,67.9815,1738700,0.0000,1.0000
2014-07-31,79.3300,79.6200,77.6400,77.6600,67.9815,1971300,0.0000,1.0000
2014-07-30,81.6300,81.6300,79.0900,79.7300,69.7936,1594200,0.0000,1.0000
2014-07-29,80.2300,80.6600,79.3600,79.3600,69.4697,1923900,0.0000,1.0000
2014-07-28,80.0900,80.4800,79.5600,80.2500,70.2488,1355100,0.0000,1.0000
2014-07-25,80.0000,80.4800,79.3700,80.2900,70.2838,1986500,0.0000,1.0000
2014-07-24,80.3100,80.7400,79.5700,80.3300,70.3188,2206100,0.0000,1.0000
2014-07-23,80.9500,82.3200,80.9500,82.2500,71.9995,1993600,0.0000,1.0000
2014-07-22,81.6500,82.2500,81.5020,81.9700,71.7544,1720500,0.0000,1.0000
2014-07-21,80.9700,81.5300,80.7850,81.2600,71.1329,1448400,0.0000,1.0000
2014-07-18,80.8300,81.3800,80.0200,81.2400,71.1154,1868100,0.0000,1.0000
2014-07-17,81.5000,81.9100,80.1600,80.4000,70.3801,1938500,0.0000,1.0000
2014-07-16,82.6200,82.8140,81.4300,81.9100,71.7019,1480600,0.0000,1.0000
2014-07-15,82.5400,82.9800,81.8500,82.1800,71.9382,1296500,0.0000,1.0000
2014-07-14,82.5800,82.7600,81.5800,82.4200,72.1483,1338500,0.0000,1.0000
2014-07-11,81.0000,81.7000,81.0000,81.5800,71.4130,1674400,0.0000,1.0000
2014-07-10,82.9300,82.9300,81.2200,81.5900,71.4218,2750200,0.0000,1.0000
2014-07-09,84.9000,85.0900,83.3900,84.0100,73.5402,1416800,0.0000,1.0000
2014-07-08,85.1700,85.3500,84.0100,84.5200,73.9866,744100,0.0000,1.0000
2014-07-07,85.4200,85.4200,84.8200,85.1700,74.5556,637800,0.0000,1.0000
2014-07-03,85.3100,85.7400,85.0600,85.6300,74.9583,540900,0.0000,1.0000
2014-07-02,84.9100,85.0300,84.3700,84.8600,74.2842,798100,0.0000,1.0000
2014-07-01,84.5200,85.4000,84.5200,85.0600,74.4593,1092200,0.0000,1.0000
2014-06-30,83.7700,84.8870,83.6700,84.4100,73.8903,1464800,0.0000,1.0000
2014-06-27,83.0100,83.8900,82.8300,83.7800,73.3388,755300,0.0000,1.0000
2014-06-26,83.7700,83.7700,82.5000,83.3800,72.9887,541200,0.0000,1.0000
2014-06-25,82.6700,83.6900,82.4853,83.5400,73.1287,803600,0.0000,1.0000
2014-06-24,83.1900,83.7800,82.7200,82.8800,72.5510,715300,0.0000,1.0000
2014-06-23,83.4600,83.7300,83.0200,83.4700,73.0675,1036800,0.0000,1.0000
2014-06-20,84.0400,84.0400,83.0700,83.2400,72.8661,1439800,0.0000,1.0000
2014-06-19,84.0200,84.2400,82.8500,83.5100,73.1025,973000,0.0000,1.0000
2014-06-18,83.0300,83.5100,81.9100,83.5000,73.0937,1387900,0.0000,1.0000
2014-06-17,81.7200,83.0600,81.2340,82.7300,72.4197,1044400,0.0000,1.0000
2014-06-16,81.3500,82.1300,81.2000,81.5900,71.4218,1184600,0.0000,1.0000
2014-06-13,82.4600,82.5300,81.5700,81.8400,71.6406,793300,0.0000,1.0000
2014-06-12,82.5000,82.5000,81.7500,82.1000,71.8682,1143800,0.0000,1.0000
2014-06-11,83.0900,83.1400,82.3700,82.5400,72.2534,1120000,0.4400,1.0000
2014-06-10,84.0900,84.7000,83.4700,83.5800,72.7758,1359900,0.0000,1.0000
2014-06-09,84.4200,84.6900,83.9600,84.4900,73.5682,860200,0.0000,1.0000
2014-06-06,83.9200,84.5000,83.8000,84.4100,73.4985,904300,0.0000,1.0000
2014-06-05,82.8500,83.9600,82.1100,83.8300,72.9935,1388400,0.0000,1.0000
2014-06-04,81.7700,82.4600,81.2200,82.4300,71.7745,1025400,0.0000,1.0000
2014-06-03,81.6300,82.0750,80.9600,81.9900,71.3913,933600,0.0000,1.0000
2014-06-02,81.8000,81.8000,80.8600,81.7300,71.1649,691500,0.0000,1.0000
2014-05-30,81.3100,81.8000,81.1000,81.5300,70.9908,883300,0.0000,1.0000
2014-05-29,81.3600,81.7300,81.0500,81.6400,71.0866,858700,0.0000,1.0000
2014-05-28,81.2000,81.5000,80.7300,81.2300,70.7296,841700,0.0000,1.0000
2014-05-27,81.0400,81.5400,80.7400,81.0100,70.5380,886900,0.0000,1.0000
2014-05-23,80.8500,81.1700,80.5600,80.8000,70.3552,643300,0.0000,1.0000
2014-05-22,80.5400,80.9800,80.1700,80.8400,70.3900,749900,0.0000,1.0000
2014-05-21,80.1100,80.7500,80.1100,80.4100,70.0156,717300,0.0000,1.0000
2014-05-20,80.6100,80.6100,79.2300,79.6100,69.3190,878200,0.0000,1.0000
2014-05-19,79.6000,80.3400,79.4000,80.2100,69.8414,978100,0.0000,1.0000
2014-05-16,79.2400,79.9400,78.8500,79.7400,69.4322,1881300,0.0000,1.0000
2014-05-15,80.9400,80.9400,78.5700,79.0300,68.8140,2501400,0.0000,1.0000
2014-05-14,81.4500,81.4500,80.5700,81.0300,70.5554,1285700,0.0000,1.0000
2014-05-13,82.0000,82.1100,81.0600,81.3200,70.8079,942900,0.0000,1.0000
2014-05-12,81.3600,81.9600,80.9900,81.8200,71.2433,1115000,0.0000,1.0000
2014-05-09,81.5000,81.6200,80.6850,81.1600,70.6686,908500,0.0000,1.0000
2014-05-08,81.6200,82.1500,80.9700,81.3500,70.8341,1083000,0.0000,1.0000
2014-05-07,80.6500,81.6700,80.0400,81.6200,71.0692,851000,0.0000,1.0000
2014-05-06,81.0400,81.4500,80.2800,80.3100,69.9285,781100,0.0000,1.0000
2014-05-05,80.8200,81.4400,80.2820,81.4000,70.8776,1192400,0.0000,1.0000
2014-05-02,81.4600,82.6500,81.3900,81.7400,71.1737,1164100,0.0000,1.0000
2014-05-01,82.1000,82.6500,81.2000,81.3600,70.8428,1311800,0.0000,1.0000
2014-04-30,81.3800,82.2000,81.0200,82.1300,71.5132,1265200,0.0000,1.0000
2014-04-29,81.6700,82.1000,81.2600,81.8000,71.2259,1088400,0.0000,1.0000
2014-04-28,81.4300,82.1400,79.6900,80.9900,70.5206,1722700,0.0000,1.0000
2014-04-25,82.6200,82.8000,80.8100,81.3500,70.8341,2021500,0.0000,1.0000
2014-04-24,82.6800,84.4500,81.6400,81.8200,71.2433,2316600,0.0000,1.0000
2014-04-23,82.9700,83.3000,80.7000,81.1800,70.6860,1575000,0.0000,1.0000
2014-04-22,80.6100,81.5400,80.4800,81.2200,70.7209,1331300,0.0000,1.0000
2014-04-21,80.8400,80.9920,80.3700,80.6100,70.1897,789700,0.0000,1.0000
2014-04-17,80.5100,80.9800,80.3280,80.6300,70.2071,1740700,0.0000,1.0000
2014-04-16,80.1700,80.7000,79.4700,80.3400,69.9546,1512700,0.0000,1.0000
2014-04-15,78.0900,79.2900,77.6000,79.2500,69.0055,2149600,0.0000,1.0000
2014-04-14,77.9500,78.2900,77.2500,77.9900,67.9084,1258700,0.0000,1.0000
2014-04-11,77.5400,77.7099,76.7600,77.2500,67.2641,1889200,0.0000,1.0000
2014-04-10,79.9800,80.4800,78.0100,78.1150,68.0172,1969800,0.0000,1.0000
2014-04-09,79.8100,80.0000,79.5000,79.8700,69.5454,2126700,0.0000,1.0000
2014-04-08,79.6200,79.8810,79.1000,79.5900,69.3016,1913300,0.0000,1.0000
2014-04-07,81.5300,82.3000,79.4300,79.5000,69.2232,1850200,0.0000,1.0000
2014-04-04,83.9100,83.9100,81.4250,81.5800,71.0343,1199700,0.0000,1.0000
2014-04-03,84.2100,84.7300,82.9700,83.5000,72.7061,837300,0.0000,1.0000
2014-04-02,83.7000,84.0800,83.1700,83.9500,73.0980,937100,0.0000,1.0000
2014-04-01,83.0200,83.4700,82.5400,83.1900,72.4362,1468600,0.0000,1.0000
2014-03-31,82.3900,83.1100,82.1200,82.3500,71.7048,1130100,0.0000,1.0000
2014-03-28,81.1700,82.5500,80.6300,81.6700,71.1127,917300,0.0000,1.0000
2014-03-27,81.3500,81.7640,80.6900,81.0000,70.5293,1493800,0.0000,1.0000
2014-03-26,82.8000,83.0500,81.4800,81.5000,70.9647,1111500,0.0000,1.0000
2014-03-25,83.0400,83.7700,81.5900,82.4000,71.7483,1022700,0.0000,1.0000
2014-03-24,83.1500,83.5100,81.9400,82.3100,71.6700,1165400,0.0000,1.0000
2014-03-21,83.5900,84.4000,82.5000,82.9200,72.2011,3240000,0.0000,1.0000
2014-03-20,80.8400,82.6600,80.6500,82.5200,71.8528,2124200,0.0000,1.0000
2014-03-19,81.7100,82.0000,80.5800,80.9300,70.4684,1506300,0.0000,1.0000
2014-03-18,81.5900,82.1100,81.2109,81.7300,71.1649,959300,0.0000,1.0000
2014-03-17,81.1000,81.9600,80.8900,81.5800,71.0343,996100,0.0000,1.0000
2014-03-14,80.8100,81.7300,79.9500,80.2800,69.9024,1470900,0.0000,1.0000
2014-03-13,82.3800,83.0800,80.4300,80.7600,70.3203,1333900,0.0000,1.0000
2014-03-12,81.9400,82.2400,81.1900,81.8300,71.2520,1488200,0.4400,1.0000
2014-03-11,83.9000,83.9500,82.4400,82.7000,71.6244,1380800,0.0000,1.0000
2014-03-10,83.3700,83.7300,82.7100,83.7100,72.4992,1296400,0.0000,1.0000
2014-03-07,82.9300,83.6750,82.3300,83.0000,71.8843,1181800,0.0000,1.0000
2014-03-06,81.1600,82.9400,81.1600,82.3700,71.3386,1447900,0.0000,1.0000
2014-03-05,81.7200,81.8600,81.3100,81.5400,70.6198,950000,0.0000,1.0000
2014-03-04,80.9800,81.8500,80.6800,81.6800,70.7410,1064200,0.0000,1.0000
2014-03-03,80.1000,80.2950,79.2200,79.8300,69.1388,1226100,0.0000,1.0000
2014-02-28,80.5600,81.6900,80.1200,81.1700,70.2993,1511000,0.0000,1.0000
2014-02-27,79.3600,80.6000,78.8900,80.4200,69.6498,1167400,0.0000,1.0000
2014-02-26,80.1000,80.6000,79.3000,79.5200,68.8703,1313700,0.0000,1.0000
2014-02-25,80.9300,81.0600,80.0200,80.1000,69.3726,931900,0.0000,1.0000
2014-02-24,80.0200,81.3900,80.0200,80.8600,70.0308,1007500,0.0000,1.0000
2014-02-21,80.2700,80.6550,79.7100,80.0000,69.2860,875400,0.0000,1.0000
2014-02-20,80.2300,80.4600,79.3050,80.1000,69.3726,851700,0.0000,1.0000
2014-02-19,80.1400,81.5100,79.8100,79.8900,69.1908,1014500,0.0000,1.0000
2014-02-18,80.6900,81.0700,80.1100,80.6600,69.8576,876500,0.0000,1.0000
2014-02-14,80.5800,81.0500,80.2800,80.8300,70.0049,1099300,0.0000,1.0000
2014-02-13,80.2000,80.8857,79.6000,80.6200,69.8230,1079700,0.0000,1.0000
2014-02-12,80.0800,81.0700,79.9000,80.7100,69.9009,1518400,0.0000,1.0000
2014-02-11,79.3200,80.5100,79.0100,80.1800,69.4419,1242700,0.0000,1.0000
2014-02-10,79.4600,79.7300,78.8300,79.4500,68.8097,1332800,0.0000,1.0000
2014-02-07,78.1000,79.5400,77.5300,79.3400,68.7144,2069100,0.0000,1.0000
2014-02-06,76.9900,77.5368,76.9000,77.4200,67.0516,1019300,0.0000,1.0000
2014-02-05,77.2900,77.8650,76.2900,76.8000,66.5146,1512000,0.0000,1.0000
2014-02-04,76.2100,78.5400,75.8100,77.6800,67.2767,2285400,0.0000,1.0000
2014-02-03,78.4800,78.6240,75.5700,75.6700,65.5359,2122000,0.0000,1.0000
2014-01-31,78.3200,79.5200,77.6800,78.4400,67.9349,1833100,0.0000,1.0000
2014-01-30,79.5900,80.0300,78.9700,79.5500,68.8963,1572100,0.0000,1.0000
2014-01-29,80.6600,80.6600,78.5400,78.9600,68.3853,2611300,0.0000,1.0000
2014-01-28,80.1600,81.4000,78.6100,80.7000,69.8923,3468700,0.0000,1.0000
2014-01-27,77.4000,78.1500,76.5000,76.5100,66.2634,2278700,0.0000,1.0000
2014-01-24,79.2300,79.4100,77.2100,77.3800,67.0169,3163100,0.0000,1.0000
2014-01-23,80.7600,81.1000,79.5900,79.9200,69.2167,2152200,0.0000,1.0000
2014-01-22,82.1100,82.3800,80.9400,81.5200,70.6025,1653200,0.0000,1.0000
2014-01-21,81.4300,82.3400,81.0900,81.7800,70.8276,2032100,0.0000,1.0000
2014-01-17,83.8700,83.9400,82.0300,82.2800,71.2607,3914400,0.0000,1.0000
2014-01-16,84.4100,84.4100,83.0500,83.8100,72.5858,872500,0.0000,1.0000
2014-01-15,83.3000,83.9900,83.0500,83.9200,72.6810,1027300,0.0000,1.0000
2014-01-14,82.7600,83.3300,82.2700,83.1900,72.0488,1094500,0.0000,1.0000
2014-01-13,82.9400,83.2900,82.0600,82.3500,71.3213,1216500,0.0000,1.0000
2014-01-10,83.5900,83.7900,82.9400,83.4300,72.2567,761100,0.0000,1.0000
2014-01-09,84.0000,84.2200,82.8600,83.2900,72.1354,1134600,0.0000,1.0000
2014-01-08,84.0500,84.1500,83.5200,83.9200,72.6810,1131900,0.0000,1.0000
2014-01-07,83.8100,84.3400,83.0900,83.8700,72.6377,945900,0.0000,1.0000
2014-01-06,83.6700,83.9700,82.8700,83.1700,72.0315,848400,0.0000,1.0000
2014-01-03,82.6600,83.6400,82.6600,83.3000,72.1441,342835,0.0000,1.0000
2014-01-02,83.5800,83.6900,82.2000,82.5600,71.5032,392885,0.0000,1.0000
2013-12-31,83.4200,83.9900,83.4100,83.7700,72.5511,930300,0.0000,1.0000
2013-12-30,83.4000,83.5500,82.9100,83.3600,72.1960,518300,0.0000,1.0000
2013-12-27,83.6300,83.9200,83.1500,83.4300,72.2567,878300,0.0000,1.0000
2013-12-26,83.4800,83.8800,83.3200,83.5900,72.3952,816600,0.0000,1.0000
2013-12-24,83.3800,83.6900,83.0600,83.3700,72.2047,314000,0.0000,1.0000
2013-12-23,83.3000,83.8300,83.2300,83.3800,72.2134,872300,0.0000,1.0000
2013-12-20,82.2600,83.4700,81.9000,82.8800,71.7803,1819000,0.0000,1.0000
2013-12-19,82.5200,83.2100,82.0650,82.1300,71.1308,1807800,0.0000,1.0000
2013-12-18,79.9900,83.0800,79.6900,82.8600,71.7630,2583700,0.0000,1.0000
2013-12-17,80.0300,80.3600,79.4600,79.8100,69.1215,1201100,0.0000,1.0000
2013-12-16,79.1700,80.4500,79.0000,80.1600,69.4246,1342300,0.0000,1.0000
2013-12-13,78.3700,78.7850,77.7200,78.3700,67.8743,1255500,0.0000,1.0000
2013-12-12,78.4200,78.8000,77.9400,78.0200,67.5712,1087300,0.3800,1.0000
2013-12-11,79.6600,79.9600,78.5400,78.6100,67.7522,1515500,0.0000,1.0000
2013-12-10,79.9700,80.1200,79.1900,79.5200,68.5365,943900,0.0000,1.0000
2013-12-09,80.1300,80.5700,79.8700,80.0600,69.0019,847600,0.0000,1.0000
2013-12-06,80.0000,80.1300,79.5200,79.8200,68.7951,1582900,0.0000,1.0000
2013-12-05,79.5800,79.7300,78.4800,78.5400,67.6919,1044700,0.0000,1.0000
2013-12-04,79.5200,80.3200,78.7800,79.5500,68.5624,753800,0.0000,1.0000
2013-12-03,80.3500,80.5100,79.4100,79.6700,68.6658,1062500,0.0000,1.0000
2013-12-02,80.6500,81.4600,80.4710,80.6900,69.5449,1154400,0.0000,1.0000
2013-11-29,80.9000,81.3000,80.4400,80.4600,69.3467,549600,0.0000,1.0000
2013-11-27,80.6900,81.1800,80.2500,80.8100,69.6483,926400,0.0000,1.0000
2013-11-26,80.6000,81.2100,80.4200,80.4200,69.3122,970700,0.0000,1.0000
2013-11-25,81.4200,81.6200,80.5700,80.7500,69.5966,783500,0.0000,1.0000
2013-11-22,80.8000,81.1800,80.4000,81.1300,69.9241,916800,0.0000,1.0000
2013-11-21,80.1700,80.8000,80.0000,80.4500,69.3380,956800,0.0000,1.0000
2013-11-20,80.3700,80.5400,79.6000,79.9900,68.9416,1779300,0.0000,1.0000
2013-11-19,80.3400,80.4400,79.6800,80.0000,68.9502,922400,0.0000,1.0000
2013-11-18,79.9100,80.6600,79.7700,80.0000,68.9502,1129600,0.0000,1.0000
2013-11-15,79.1500,80.1900,79.1500,79.9900,68.9416,1430700,0.0000,1.0000
2013-11-14,78.7900,79.2100,78.3600,78.9600,68.0538,1619600,0.0000,1.0000
2013-11-13,78.1300,78.8500,77.8100,78.8300,67.9418,1295500,0.0000,1.0000
2013-11-12,78.4100,78.9000,78.0500,78.4200,67.5884,1041700,0.0000,1.0000
2013-11-11,78.5500,79.2000,78.4100,78.7900,67.9073,1021400,0.0000,1.0000
2013-11-08,76.7900,78.8700,76.7900,78.8000,67.9159,1936000,0.0000,1.0000
2013-11-07,78.1100,78.1400,76.5800,76.6200,66.0371,1306900,0.0000,1.0000
2013-11-06,77.3600,77.7500,77.1200,77.6100,66.8903,831600,0.0000,1.0000
2013-11-05,77.0600,77.3400,76.6600,76.9600,66.3301,940900,0.0000,1.0000
2013-11-04,77.5700,78.0100,77.3200,77.4800,66.7783,1255600,0.0000,1.0000
2013-11-01,77.4600,77.8900,76.6300,77.6310,66.9084,2055800,0.0000,1.0000
2013-10-31,78.1000,78.2700,77.4000,77.4100,66.7179,1842400,0.0000,1.0000
2013-10-30,78.6100,78.6300,77.6800,78.1500,67.3557,1832000,0.0000,1.0000
2013-10-29,77.4500,78.8200,77.4500,78.0600,67.2782,2209900,0.0000,1.0000
2013-10-28,77.1000,77.8500,76.0200,77.7800,67.0368,2892200,0.0000,1.0000
2013-10-25,75.4500,76.2900,75.4400,75.7500,65.2872,1761700,0.0000,1.0000
2013-10-24,76.9300,77.0000,74.6100,75.4600,65.0373,3398300,0.0000,1.0000
2013-10-23,76.9300,77.9400,76.3100,77.8440,67.0920,2449800,0.0000,1.0000
2013-10-22,77.2200,77.7800,76.8050,77.2800,66.6059,1575200,0.0000,1.0000
2013-10-21,77.0700,77.1500,76.5600,76.8400,66.2267,924900,0.0000,1.0000
2013-10-18,76.7800,77.3600,76.3450,76.8300,66.2180,1957200,0.0000,1.0000
2013-10-17,75.0200,76.4900,74.6900,76.3400,65.7957,1185000,0.0000,1.0000
2013-10-16,74.8800,75.9200,74.5800,75.4900,65.0631,1277200,0.0000,1.0000
2013-10-15,74.3900,74.7400,74.0600,74.2100,63.9599,1413200,0.0000,1.0000
2013-10-14,73.8700,74.7300,73.6200,74.4800,64.1926,1677000,0.0000,1.0000
2013-10-11,73.7800,75.0100,73.5600,74.6600,64.3478,1084500,0.0000,1.0000
2013-10-10,72.5100,74.1100,72.3900,73.9100,63.7014,1896700,0.0000,1.0000
2013-10-09,71.5800,72.2000,71.1300,71.6500,61.7535,1763300,0.0000,1.0000
2013-10-08,71.9200,72.2300,70.9600,70.9800,61.1761,1306300,0.0000,1.0000
2013-10-07,71.8700,72.4700,71.6600,71.7900,61.8742,840500,0.0000,1.0000
2013-10-04,72.2000,72.8700,71.7600,72.7100,62.6671,941200,0.0000,1.0000
2013-10-03,71.9600,72.3900,71.2700,71.9800,62.0379,1126000,0.0000,1.0000
2013-10-02,71.5200,72.0600,71.4400,71.9800,62.0379,1212700,0.0000,1.0000
2013-10-01,71.9900,72.2700,71.6600,72.1100,62.1500,1379900,0.0000,1.0000
2013-09-30,71.5500,71.9600,71.3000,71.9300,61.9948,1281500,0.0000,1.0000
2013-09-27,71.9400,72.5800,71.8700,72.4500,62.4430,965200,0.0000,1.0000
2013-09-26,72.8900,73.3800,72.0700,72.5700,62.5465,1238600,0.0000,1.0000
2013-09-25,73.0900,73.3800,72.2300,72.8000,62.7447,1054500,0.0000,1.0000
2013-09-24,73.0800,73.4300,72.5300,72.8900,62.8223,1249600,0.0000,1.0000
2013-09-23,73.6400,73.7200,72.5710,73.1700,63.0636,977900,0.0000,1.0000
2013-09-20,74.5900,74.9900,73.8100,73.9600,63.7445,1787800,0.0000,1.0000
2013-09-19,73.3000,74.8500,73.2200,74.6500,64.3392,2465600,0.0000,1.0000
2013-09-18,72.8900,73.0400,72.4500,72.8000,62.7447,3073300,0.0000,1.0000
2013-09-17,72.6100,72.8600,72.4608,72.7900,62.7361,830500,0.0000,1.0000
2013-09-16,72.8400,72.8450,72.0500,72.6100,62.5809,1215400,0.0000,1.0000
2013-09-13,71.8800,71.8900,70.9700,71.5600,61.6760,921800,0.0000,1.0000
2013-09-12,71.4900,71.8500,71.1850,71.6100,61.7190,1514500,0.0000,1.0000
2013-09-11,71.6300,71.8900,71.1200,71.5800,61.6932,1247500,0.3800,1.0000
2013-09-10,71.8200,72.2230,71.2200,72.0400,61.7618,1104100,0.0000,1.0000
2013-09-09,71.1200,71.2100,70.7500,71.1500,60.9988,2103600,0.0000,1.0000
2013-09-06,71.2300,71.2599,69.9000,70.7200,60.6301,1053500,0.0000,1.0000
2013-09-05,70.8900,71.4200,70.6500,70.9400,60.8187,879500,0.0000,1.0000
2013-09-04,70.8800,71.2700,70.3400,70.8300,60.7244,1354500,0.0000,1.0000
2013-09-03,70.9400,71.5500,69.9500,70.7000,60.6130,1018900,0.0000,1.0000
2013-08-30,70.9900,71.0000,69.9700,70.1400,60.1329,997500,0.0000,1.0000
2013-08-29,70.2500,71.2499,70.0900,70.7600,60.6644,836800,0.0000,1.0000
2013-08-28,70.1700,71.0100,70.0500,70.5000,60.4415,1312500,0.0000,1.0000
2013-08-27,70.8700,71.2100,70.2200,70.3000,60.2700,1404600,0.0000,1.0000
2013-08-26,72.3500,72.8100,71.6900,71.7900,61.5474,1329300,0.0000,1.0000
2013-08-23,72.6800,72.7000,71.8800,72.5800,62.2247,723800,0.0000,1.0000
2013-08-22,72.0000,72.8700,72.0000,72.6200,62.2590,878100,0.0000,1.0000
2013-08-21,72.0000,72.5900,71.4500,71.7500,61.5132,1121700,0.0000,1.0000
2013-08-20,71.7600,72.9000,71.4500,72.5700,62.2162,1097200,0.0000,1.0000
2013-08-19,72.6600,72.7300,71.7300,71.7400,61.5046,848200,0.0000,1.0000
2013-08-16,72.7500,73.1000,72.1601,72.7500,62.3705,1568100,0.0000,1.0000
2013-08-15,73.1800,73.3700,72.2000,72.7200,62.3448,1901100,0.0000,1.0000
2013-08-14,74.6100,74.8660,73.7000,73.8700,63.3307,1684300,0.0000,1.0000
2013-08-13,76.9600,76.9600,73.7500,74.5800,63.9394,1408500,0.0000,1.0000
2013-08-12,74.2300,74.4400,73.6400,73.9900,63.4336,1003200,0.0000,1.0000
2013-08-09,74.7150,75.5104,74.3700,74.6800,64.0251,926500,0.0000,1.0000
2013-08-08,75.0800,75.3900,74.4000,75.2400,64.5052,1427200,0.0000,1.0000
2013-08-07,75.4200,75.4200,74.3300,74.4900,63.8622,1477400,0.0000,1.0000
2013-08-06,75.7900,76.0600,75.2500,75.4300,64.6681,944600,0.0000,1.0000
2013-08-05,76.3200,76.3200,75.7000,75.8700,65.0453,896700,0.0000,1.0000
2013-08-02,76.3600,76.7400,75.7900,76.3500,65.4569,1301800,0.0000,1.0000
2013-08-01,76.0300,77.0300,75.6400,76.7500,65.7998,1384000,0.0000,1.0000
2013-07-31,73.9100,75.9600,73.9100,75.2400,64.5052,2398900,0.0000,1.0000
2013-07-30,75.0100,75.3300,74.4532,74.5700,63.9308,1875800,0.0000,1.0000
2013-07-29,74.2100,75.8800,74.0300,74.6300,63.9823,1966600,0.0000,1.0000
2013-07-26,75.6000,76.3000,75.0700,76.2500,65.3711,1075900,0.0000,1.0000
2013-07-25,75.8200,76.5300,75.2000,75.7300,64.9253,2267200,0.0000,1.0000
2013-07-24,74.6000,76.9900,74.6000,75.6100,64.8224,3727000,0.0000,1.0000
2013-07-23,80.0000,80.2600,79.5300,79.5900,68.2346,1360300,0.0000,1.0000
2013-07-22,79.8500,80.1000,78.8136,80.0100,68.5947,1216000,0.0000,1.0000
2013-07-19,78.4800,79.1900,77.6300,79.1800,67.8831,1372400,0.0000,1.0000
2013-07-18,78.1400,78.9500,78.1400,78.3500,67.1715,1027000,0.0000,1.0000
2013-07-17,78.2900,78.3000,77.6300,78.1700,67.0172,1024400,0.0000,1.0000
2013-07-16,78.1500,78.2900,77.4400,77.5800,66.5114,850400,0.0000,1.0000
2013-07-15,77.4900,78.3600,77.4500,77.9500,66.8286,919000,0.0000,1.0000
2013-07-12,77.4200,77.7100,76.7100,77.4500,66.3999,1231900,0.0000,1.0000
2013-07-11,76.6200,77.7900,76.5200,77.4400,66.3913,2332600,0.0000,1.0000
2013-07-10,76.2000,76.5100,74.9800,75.5600,64.7796,1728600,0.0000,1.0000
2013-07-09,76.6200,76.8540,75.5500,76.5600,65.6369,1122300,0.0000,1.0000
2013-07-08,75.7400,76.1900,75.3300,75.8900,65.0625,1229900,0.0000,1.0000
2013-07-05,74.8300,75.3900,74.1800,75.3700,64.6167,922700,0.0000,1.0000
2013-07-03,73.5100,74.2500,73.1900,74.0600,63.4936,684000,0.0000,1.0000
2013-07-02,72.9000,74.2500,72.9000,73.9900,63.4336,1128300,0.0000,1.0000
2013-07-01,73.5900,74.5200,73.4650,73.6700,63.1592,1363000,0.0000,1.0000
2013-06-28,73.0200,73.6600,72.4600,73.2000,62.7563,1695600,0.0000,1.0000
2013-06-27,73.5500,74.1400,73.3100,73.6600,63.1506,1147300,0.0000,1.0000
2013-06-26,73.1500,73.6800,72.8300,73.1900,62.7477,1235300,0.0000,1.0000
2013-06-25,71.8100,72.6980,71.0900,72.3400,62.0190,1585100,0.0000,1.0000
2013-06-24,72.3400,72.3900,70.0700,70.5600,60.4929,2132200,0.0000,1.0000
2013-06-21,72.9300,73.1600,71.3600,72.0700,61.7875,2873100,0.0000,1.0000
2013-06-20,73.7200,74.2550,72.4700,72.6800,62.3105,1594500,0.0000,1.0000
2013-06-19,75.8000,76.2500,74.6600,74.7100,64.0508,1829500,0.0000,1.0000
2013-06-18,74.6700,75.8400,74.1900,75.6200,64.8310,916300,0.0000,1.0000
2013-06-17,73.5100,75.0500,72.6600,74.5000,63.8708,1016000,0.0000,1.0000
2013-06-14,74.4000,74.4000,73.1100,73.4000,62.9277,940600,0.0000,1.0000
2013-06-13,72.4600,74.3700,72.2400,74.3500,63.7422,1033000,0.0000,1.0000
2013-06-12,74.7600,74.8100,72.3700,72.4600,62.1219,1178600,0.0000,1.0000
2013-06-11,74.4400,74.9500,73.7300,73.9500,63.3993,859200,0.3800,1.0000
2013-06-10,76.0800,76.2900,75.0600,75.4600,64.3631,905300,0.0000,1.0000
2013-06-07,74.8400,75.7700,73.9000,75.6800,64.5507,934000,0.0000,1.0000
2013-06-06,73.0800,73.9900,72.5100,73.9900,63.1093,1100000,0.0000,1.0000
2013-06-05,74.9700,75.4200,73.1900,73.2600,62.4866,1430900,0.0000,1.0000
2013-06-04,75.9500,76.5825,74.8764,75.2300,64.1669,915400,0.0000,1.0000
2013-06-03,76.3900,76.5700,75.0310,75.9800,64.8066,1879900,0.0000,1.0000
2013-05-31,77.2500,77.8900,75.8300,75.9100,64.7469,1504800,0.0000,1.0000
2013-05-30,77.4800,78.0700,76.6900,77.5100,66.1116,797900,0.0000,1.0000
2013-05-29,77.4300,77.8850,76.8200,77.2200,65.8643,1069000,0.0000,1.0000
2013-05-28,77.9200,78.3800,77.6620,77.9600,66.4955,1442500,0.0000,1.0000
2013-05-24,76.1400,76.9300,75.9000,76.9200,65.6084,930100,0.0000,1.0000
2013-05-23,76.4600,77.3700,75.9000,76.8500,65.5487,1509400,0.0000,1.0000
2013-05-22,78.5600,80.1300,77.3600,77.7300,66.2993,1850000,0.0000,1.0000
2013-05-21,78.9900,79.4101,78.4300,78.6200,67.0584,1238100,0.0000,1.0000
2013-05-20,78.3800,79.5900,78.0140,78.3600,66.8366,1600400,0.0000,1.0000
2013-05-17,77.4900,78.4500,77.4900,78.3600,66.8366,1256400,0.0000,1.0000
2013-05-16,77.4800,78.2100,77.1110,77.2500,65.8899,1626800,0.0000,1.0000
2013-05-15,76.4600,77.6000,75.8000,77.5800,66.1713,1635300,0.0000,1.0000
2013-05-14,75.0800,76.7000,75.0578,76.6500,65.3781,1420500,0.0000,1.0000
2013-05-13,75.1400,75.6800,74.5800,75.1900,64.1328,1284800,0.0000,1.0000
2013-05-10,74.8100,75.1900,74.2500,75.1900,64.1328,1035700,0.0000,1.0000
2013-05-09,74.6300,75.1300,74.3000,74.4500,63.5016,894900,0.0000,1.0000
2013-05-08,73.6300,74.9000,73.2400,74.8600,63.8513,1276300,0.0000,1.0000
2013-05-07,73.6200,74.0200,73.1500,73.5500,62.7340,1286600,0.0000,1.0000
2013-05-06,73.1800,73.6150,72.8400,73.2800,62.5037,838400,0.0000,1.0000
2013-05-03,73.2100,73.8900,73.0200,73.2500,62.4781,1099100,0.0000,1.0000
2013-05-02,71.8100,72.9000,71.6600,72.3600,61.7190,1302700,0.0000,1.0000
2013-05-01,72.2900,72.8000,71.7000,71.7100,61.1646,1435800,0.0000,1.0000
2013-04-30,71.7600,72.6700,71.5000,72.5000,61.8384,1887600,0.0000,1.0000
2013-04-29,71.4700,71.8100,70.9300,71.4800,60.9684,2194100,0.0000,1.0000
2013-04-26,71.7900,72.1250,71.0100,71.0200,60.5760,2338800,0.0000,1.0000
2013-04-25,72.6000,73.0450,71.3200,71.6800,61.1390,3375800,0.0000,1.0000
2013-04-24,75.0000,75.0000,71.5500,72.7500,62.0516,2776600,0.0000,1.0000
2013-04-23,75.5700,76.4100,75.2000,76.2900,65.0710,1038800,0.0000,1.0000
2013-04-22,75.2700,75.2700,73.7600,74.9900,63.9622,917600,0.0000,1.0000
2013-04-19,73.8000,74.7700,73.1301,74.5300,63.5699,1571100,0.0000,1.0000
2013-04-18,74.6300,74.8900,73.2760,73.4900,62.6828,962300,0.0000,1.0000
2013-04-17,75.1800,75.3300,73.9550,74.5800,63.6125,1437100,0.0000,1.0000
2013-04-16,75.0400,76.1200,74.7400,76.0700,64.8834,1080000,0.0000,1.0000
2013-04-15,76.6200,76.7700,74.3300,74.3600,63.4249,1171700,0.0000,1.0000
2013-04-12,76.7500,76.9900,76.0700,76.8000,65.5060,940000,0.0000,1.0000
2013-04-11,76.2600,77.1400,76.0000,76.8900,65.5828,1138200,0.0000,1.0000
2013-04-10,74.6100,76.1700,74.4500,76.0600,64.8749,1152500,0.0000,1.0000
2013-04-09,74.3900,75.0300,74.0800,74.4400,63.4931,1036700,0.0000,1.0000
2013-04-08,73.2300,74.2000,72.9400,74.1900,63.2799,887300,0.0000,1.0000
2013-04-05,72.8400,73.3800,72.1900,73.2600,62.4866,928900,0.0000,1.0000
2013-04-04,73.6400,74.4000,73.3700,73.8900,63.0240,803800,0.0000,1.0000
2013-04-03,74.6700,74.9700,73.0700,73.2500,62.4781,1170700,0.0000,1.0000
2013-04-02,74.7700,75.0200,74.3200,74.8500,63.8428,1325500,0.0000,1.0000
2013-04-01,75.0000,75.1100,74.0100,74.2600,63.3396,734000,0.0000,1.0000
2013-03-28,74.1700,75.0800,74.0300,74.8700,63.8599,1099600,0.0000,1.0000
2013-03-27,74.1000,74.5900,73.7076,74.1500,63.2457,1340800,0.0000,1.0000
2013-03-26,74.0900,74.7900,73.9300,74.7600,63.7660,1068000,0.0000,1.0000
2013-03-25,74.5400,74.6500,73.5000,73.8800,63.0154,1196700,0.0000,1.0000
2013-03-22,71.6700,74.7500,71.6700,74.1200,63.2202,1082000,0.0000,1.0000
2013-03-21,74.4300,74.7500,73.4000,73.7100,62.8704,1350700,0.0000,1.0000
2013-03-20,75.0600,75.8000,74.4800,74.7900,63.7916,1244300,0.0000,1.0000
2013-03-19,75.0300,75.1100,73.7800,74.3100,63.3822,1621300,0.0000,1.0000
2013-03-18,74.7700,75.1900,74.3600,74.7100,63.7234,1286400,0.0000,1.0000
2013-03-15,75.0300,75.9500,74.7700,75.5600,64.4484,2406300,0.0000,1.0000
2013-03-14,75.4400,76.0000,75.2300,75.4400,64.3460,1505700,0.0000,1.0000
2013-03-13,74.7800,75.1600,74.5500,75.0500,64.0134,940100,0.0000,1.0000
2013-03-12,75.0500,75.2600,74.2100,74.6200,63.6466,971300,0.0000,1.0000
2013-03-11,74.5900,75.2700,74.2000,75.1900,64.1328,1320700,0.3800,1.0000
2013-03-08,75.4500,75.4500,74.4600,75.2000,63.8188,1351300,0.0000,1.0000
2013-03-07,74.4700,74.8900,73.9600,74.8100,63.4878,1160500,0.0000,1.0000
2013-03-06,74.3600,74.6500,73.9100,74.2200,62.9871,1201700,0.0000,1.0000
2013-03-05,72.9700,74.2100,72.6700,73.9300,62.7410,1355300,0.0000,1.0000
2013-03-04,71.5600,72.5800,71.3000,72.5800,61.5953,1202000,0.0000,1.0000
2013-03-01,71.2100,71.8650,70.2300,71.7400,60.8825,1229400,0.0000,1.0000
2013-02-28,71.3400,71.8575,71.1500,71.1900,60.4157,1663700,0.0000,1.0000
2013-02-27,69.9700,72.0370,69.8500,71.7200,60.8655,1253300,0.0000,1.0000
2013-02-26,70.4500,70.8100,69.8600,70.4800,59.8132,1504400,0.0000,1.0000
2013-02-25,72.5200,72.6100,70.0400,70.1100,59.4991,1948100,0.0000,1.0000
2013-02-22,71.8500,72.1700,71.3600,71.9100,61.0267,1590200,0.0000,1.0000
2013-02-21,72.0300,72.3200,71.1400,71.4100,60.6024,1328900,0.0000,1.0000
2013-02-20,73.7000,73.7900,72.0700,72.1000,61.1880,1650400,0.0000,1.0000
2013-02-19,73.3600,73.9100,73.0900,73.8100,62.6392,1374400,0.0000,1.0000
2013-02-15,73.4000,73.5700,72.6200,73.1300,62.0621,2210700,0.0000,1.0000
2013-02-14,74.0300,74.3300,73.7000,73.8400,62.6646,1361100,0.0000,1.0000
2013-02-13,74.2000,74.4400,73.6500,74.2100,62.9786,1106300,0.0000,1.0000
2013-02-12,73.2600,73.9200,73.2600,73.7500,62.5883,825800,0.0000,1.0000
2013-02-11,73.2200,73.3600,72.8250,73.1300,62.0621,964900,0.0000,1.0000
2013-02-08,73.0000,73.5500,72.7722,73.2700,62.1809,864900,0.0000,1.0000
2013-02-07,73.2000,73.3800,72.2501,72.9000,61.8669,1105300,0.0000,1.0000
2013-02-06,72.8000,73.0600,72.2800,72.9900,61.9433,1659100,0.0000,1.0000
2013-02-05,72.1600,72.6000,71.8400,72.2200,61.2898,1056700,0.0000,1.0000
2013-02-04,72.4100,72.4100,71.4700,71.5400,60.7127,1757100,0.0000,1.0000
2013-02-01,71.6500,73.2200,70.8500,73.0800,62.0197,2188700,0.0000,1.0000
2013-01-31,71.0600,72.1300,70.7500,71.4100,60.6024,2622100,0.0000,1.0000
2013-01-30,71.3300,71.6200,70.6800,70.9600,60.2205,2209900,0.0000,1.0000
2013-01-29,70.0000,71.6500,68.0100,71.6100,60.7721,2781800,0.0000,1.0000
2013-01-28,72.6100,72.6100,71.5200,72.1800,61.2559,1351100,0.0000,1.0000
2013-01-25,72.1600,72.3600,71.5000,72.0900,61.1795,1178500,0.0000,1.0000
2013-01-24,71.5500,72.6500,71.4660,71.7000,60.8485,1687300,0.0000,1.0000
2013-01-23,71.7000,71.8500,70.9400,71.5800,60.7467,1207800,0.0000,1.0000
2013-01-22,71.0600,72.0000,70.8900,71.9300,61.0437,1591500,0.0000,1.0000
2013-01-18,70.1600,71.3400,70.0000,71.1300,60.3648,2734800,0.0000,1.0000
2013-01-17,69.2700,69.9500,69.2100,69.5300,59.0069,1139900,0.0000,1.0000
2013-01-16,69.3400,69.6400,69.1200,69.2400,58.7608,1388900,0.0000,1.0000
2013-01-15,69.3300,69.7400,68.7300,69.7000,59.1512,1343800,0.0000,1.0000
2013-01-14,69.4200,69.7200,69.1320,69.3500,58.8542,1574700,0.0000,1.0000
2013-01-11,68.1900,69.5850,67.9800,69.5400,59.0154,1676500,0.0000,1.0000
2013-01-10,67.8500,68.2500,67.3200,68.2100,57.8867,1647200,0.0000,1.0000
2013-01-09,68.0700,68.1000,67.4000,67.4400,57.2332,1476600,0.0000,1.0000
2013-01-08,68.0000,68.2900,67.6300,67.8500,57.5812,1132000,0.0000,1.0000
2013-01-07,68.0000,68.5000,67.6700,68.3300,57.9885,1345200,0.0000,1.0000
2013-01-04,67.0000,68.3600,66.8900,68.3400,57.9970,1134700,0.0000,1.0000
2013-01-03,66.9700,67.1400,66.6900,66.9900,56.8513,1921200,0.0000,1.0000
2013-01-02,66.3200,66.9800,66.1800,66.9800,56.8429,1399900,0.0000,1.0000
2012-12-31,63.9800,65.1350,63.5600,65.1171,55.2619,1532900,0.0000,1.0000
2012-12-28,64.7100,65.1400,63.9100,63.9300,54.2545,1696500,0.0000,1.0000
2012-12-27,65.5100,65.6844,64.2500,65.0500,55.2050,1053200,0.0000,1.0000
2012-12-26,66.0200,66.0200,65.0700,65.2200,55.3492,1115000,0.0000,1.0000
2012-12-24,65.6800,66.1500,65.6600,65.9000,55.9263,541200,0.0000,1.0000
2012-12-21,65.9700,66.3600,65.3300,65.8900,55.9178,2225200,0.0000,1.0000
2012-12-20,65.8900,66.5000,65.8900,66.5000,56.4355,1192400,0.0000,1.0000
2012-12-19,66.3600,66.9500,65.8700,65.9900,56.0027,1609500,0.0000,1.0000
2012-12-18,66.1800,66.5500,65.3000,66.1500,56.1385,3027600,0.0000,1.0000
2012-12-17,64.1600,65.8700,64.0100,65.8400,55.8754,1767800,0.0000,1.0000
2012-12-14,64.0100,64.2000,63.7625,63.9800,54.2969,1546400,0.0000,1.0000
2012-12-13,64.2000,64.3600,63.7300,64.0700,54.3733,1070300,1.0000,1.0000
2012-12-12,65.5900,66.0600,64.6200,64.9900,54.3064,1585700,0.3400,1.0000
2012-12-11,64.3900,65.5500,64.2500,65.4800,54.4311,1922400,0.0000,1.0000
2012-12-10,64.6000,64.6200,64.0000,64.0600,53.2507,1373100,0.0000,1.0000
2012-12-07,65.0200,65.2500,64.3800,64.8400,53.8991,834200,0.0000,1.0000
2012-12-06,64.2500,65.0300,63.9700,64.8500,53.9074,1820300,0.0000,1.0000
2012-12-05,63.9200,64.6600,63.7600,64.3400,53.4835,1213000,0.0000,1.0000
2012-12-04,63.9100,64.4000,63.3850,63.7000,52.9515,1206000,0.0000,1.0000
2012-12-03,64.9200,65.0800,63.9900,64.0900,53.2757,1013700,0.0000,1.0000
2012-11-30,64.4200,64.7400,64.3000,64.6700,53.7578,1214500,0.0000,1.0000
2012-11-29,64.0300,64.7000,64.0000,64.4200,53.5500,962100,0.0000,1.0000
2012-11-28,63.9100,64.2200,63.5000,63.8700,53.0928,1384900,0.0000,1.0000
2012-11-27,64.8900,65.1600,64.3400,64.4200,53.5500,1008400,0.0000,1.0000
2012-11-26,65.2900,65.4400,64.5400,64.9500,53.9905,1405700,0.0000,1.0000
2012-11-23,65.0700,65.7200,64.9525,65.7000,54.6140,357400,0.0000,1.0000
2012-11-21,64.9000,65.0400,64.4600,64.9000,53.9490,640300,0.0000,1.0000
2012-11-20,64.1800,65.1000,64.0327,64.9500,53.9905,1050700,0.0000,1.0000
2012-11-19,64.1700,64.8600,63.9800,64.4300,53.5583,1271100,0.0000,1.0000
2012-11-16,63.8100,63.8800,62.6700,63.2500,52.5774,1596700,0.0000,1.0000
2012-11-15,63.3100,63.6700,62.8500,63.4200,52.7187,1605700,0.0000,1.0000
2012-11-14,64.1500,64.3200,63.0900,63.2400,52.5691,1226700,0.0000,1.0000
2012-11-13,63.3500,64.7400,63.0001,64.0700,53.2590,1689200,0.0000,1.0000
2012-11-12,63.3800,63.8600,63.1800,63.7000,52.9515,1108500,0.0000,1.0000
2012-11-09,63.5600,64.0200,63.1500,63.3600,52.6688,1214400,0.0000,1.0000
2012-11-08,63.8000,64.7200,63.4100,63.4400,52.7353,1020400,0.0000,1.0000
2012-11-07,65.3300,65.3600,63.8800,63.9600,53.1676,1616900,0.0000,1.0000
2012-11-06,65.6700,66.3700,65.5600,66.2698,55.0877,1360100,0.0000,1.0000
2012-11-05,64.6500,65.6300,64.4600,65.5600,54.4976,653500,0.0000,1.0000
2012-11-02,66.4200,66.5000,64.9200,64.9900,54.0238,1112100,0.0000,1.0000
2012-11-01,65.0500,66.1800,64.4800,65.8300,54.7221,1057500,0.0000,1.0000
2012-10-31,64.7600,65.1600,63.7800,64.8800,53.9324,1362100,0.0000,1.0000
2012-10-26,64.6200,65.0690,64.2200,64.8300,53.8908,977100,0.0000,1.0000
2012-10-25,64.9200,65.7300,64.4400,64.7400,53.8160,1092200,0.0000,1.0000
2012-10-24,64.4500,65.5800,63.8600,64.1600,53.3339,1318000,0.0000,1.0000
2012-10-23,64.0600,64.8500,63.6300,64.7000,53.7827,1179500,0.0000,1.0000
2012-10-22,65.1000,65.5700,64.4700,65.0300,54.0570,818800,0.0000,1.0000
2012-10-19,66.6000,66.6600,65.0000,65.3500,54.3231,1921100,0.0000,1.0000
2012-10-18,65.8500,66.4100,65.6200,66.4100,55.2042,1184300,0.0000,1.0000
2012-10-17,65.2900,65.9100,65.0501,65.8500,54.7387,843200,0.0000,1.0000
2012-10-16,64.4300,65.1300,64.3300,65.0443,54.0689,699500,0.0000,1.0000
2012-10-15,63.4700,64.1700,63.1900,64.0900,53.2757,560100,0.0000,1.0000
2012-10-12,64.1600,64.5500,62.9250,63.5994,52.8678,874900,0.0000,1.0000
2012-10-11,64.3200,64.7500,63.8800,64.2500,53.4087,862900,0.0000,1.0000
2012-10-10,64.0500,64.2000,63.4200,63.6800,52.9348,719700,0.0000,1.0000
2012-10-09,64.4800,64.5600,63.9000,64.0000,53.2008,956500,0.0000,1.0000
2012-10-08,64.3100,64.5600,63.6500,64.2600,53.4170,1179900,0.0000,1.0000
2012-10-05,63.8900,64.5600,63.4700,63.7900,53.0263,1004300,0.0000,1.0000
2012-10-04,63.2500,63.8900,62.9700,63.5700,52.8434,1046500,0.0000,1.0000
2012-10-03,62.8700,63.0100,62.3500,62.8100,52.2116,1062700,0.0000,1.0000
2012-10-02,63.4600,63.5300,62.3500,62.6600,52.0870,890400,0.0000,1.0000
2012-10-01,63.6600,64.2500,62.8400,63.1900,52.5275,951200,0.0000,1.0000
2012-09-28,63.0600,63.3950,62.3400,63.3000,52.6190,1097000,0.0000,1.0000
2012-09-27,63.0300,63.4600,62.6300,63.2800,52.6023,698400,0.0000,1.0000
2012-09-26,63.0200,63.1000,62.3500,62.5700,52.0121,1087900,0.0000,1.0000
2012-09-25,64.1200,64.4929,62.9300,62.9500,52.3280,929700,0.0000,1.0000
2012-09-24,63.9700,64.5800,63.5500,64.1300,53.3089,699800,0.0000,1.0000
2012-09-21,64.6900,64.9050,64.1000,64.1100,53.2923,1259400,0.0000,1.0000
2012-09-20,64.2100,64.4800,63.6700,64.3700,53.5084,803600,0.0000,1.0000
2012-09-19,64.8100,64.9000,64.2100,64.4650,53.5874,795000,0.0000,1.0000
2012-09-18,64.6200,65.1200,64.3400,64.5400,53.6497,1189000,0.0000,1.0000
2012-09-17,65.5800,65.7700,64.7400,65.0750,54.0945,1276100,0.0000,1.0000
2012-09-14,63.9200,65.9700,63.9200,65.8100,54.7054,1659800,0.0000,1.0000
2012-09-13,62.5500,64.3407,62.0400,64.2800,53.4336,1827200,0.0000,1.0000
2012-09-12,63.3500,63.7900,63.1300,63.3700,52.6772,685200,0.0000,1.0000
2012-09-11,63.0800,63.4100,62.9200,63.0700,52.4278,762400,0.3400,1.0000
2012-09-10,63.3700,63.9800,63.1800,63.2500,52.2955,776100,0.0000,1.0000
2012-09-07,63.6100,64.0700,63.1700,63.4000,52.4195,1115100,0.0000,1.0000
2012-09-06,61.5000,63.4400,61.5000,63.2900,52.3286,1117400,0.0000,1.0000
2012-09-05,61.8100,62.2200,61.1200,61.3200,50.6997,1028800,0.0000,1.0000
2012-09-04,61.4700,62.0800,61.3600,61.9950,51.2578,749000,0.0000,1.0000
2012-08-31,61.5100,61.9825,61.1100,61.4400,50.7990,652500,0.0000,1.0000
2012-08-30,60.9000,61.6500,60.6600,61.3800,50.7494,649300,0.0000,1.0000
2012-08-29,62.2000,62.2300,61.2900,61.3800,50.7494,1502300,0.0000,1.0000
2012-08-28,61.6100,62.4000,61.5800,62.0600,51.3116,803900,0.0000,1.0000
2012-08-27,62.9600,62.9800,61.7900,61.8600,51.1462,592800,0.0000,1.0000
2012-08-24,61.4400,62.8700,61.2900,62.7300,51.8655,930900,0.0000,1.0000
2012-08-23,62.0000,62.0400,61.4700,61.6500,50.9726,569400,0.0000,1.0000
2012-08-22,62.1400,62.2850,61.6101,62.1600,51.3943,649000,0.0000,1.0000
2012-08-21,62.1300,63.0000,62.0000,62.2300,51.4521,710700,0.0000,1.0000
2012-08-20,62.1600,62.3400,61.5900,62.0900,51.3364,727600,0.0000,1.0000
2012-08-17,62.7800,63.0000,61.9300,62.3700,51.5679,805300,0.0000,1.0000
2012-08-16,61.4100,62.7800,61.2600,62.6500,51.7994,1098500,0.0000,1.0000
2012-08-15,60.9200,61.6400,60.8700,61.6000,50.9313,416900,0.0000,1.0000
2012-08-14,61.2300,61.4400,60.8800,61.0300,50.4600,544100,0.0000,1.0000
2012-08-13,60.9000,61.1400,60.1800,61.0700,50.4930,612700,0.0000,1.0000
2012-08-10,60.9100,61.0900,60.4600,60.9300,50.3773,701800,0.0000,1.0000
2012-08-09,60.9300,61.3100,60.6000,61.0200,50.4517,735300,0.0000,1.0000
2012-08-08,61.4200,61.6500,60.7200,60.7800,50.2533,1056900,0.0000,1.0000
2012-08-07,60.9000,62.2400,60.7900,61.6500,50.9726,752200,0.0000,1.0000
2012-08-06,60.9800,61.2200,60.5000,60.6600,50.1541,958100,0.0000,1.0000
2012-08-03,60.3600,61.0200,60.1100,60.8100,50.2781,1049700,0.0000,1.0000
2012-08-02,59.5000,59.9300,58.5200,59.1200,48.8808,1363500,0.0000,1.0000
2012-08-01,61.2900,61.3300,60.1000,60.1700,49.7489,1292200,0.0000,1.0000
2012-07-31,60.0400,61.0000,59.8800,60.7500,50.2285,1450200,0.0000,1.0000
2012-07-30,61.0600,61.4800,60.0800,60.2200,49.7903,1884000,0.0000,1.0000
2012-07-27,60.5200,61.6600,60.1400,61.2500,50.6419,1307200,0.0000,1.0000
2012-07-26,60.0100,60.4400,59.2500,59.7500,49.4017,1733800,0.0000,1.0000
2012-07-25,59.0500,59.7400,58.8400,58.9700,48.7568,2220600,0.0000,1.0000
2012-07-24,61.2600,61.2600,59.9900,60.6800,50.1706,1410900,0.0000,1.0000
2012-07-23,60.3700,61.5000,59.9200,61.1200,50.5344,1000600,0.0000,1.0000
2012-07-20,62.2500,62.6100,61.4400,61.4700,50.8238,2517100,0.0000,1.0000
2012-07-19,62.8500,63.4000,62.4900,62.7000,51.8407,1301500,0.0000,1.0000
2012-07-18,61.8000,63.0400,61.7900,62.9500,52.0474,1192400,0.0000,1.0000
2012-07-17,62.3000,62.6900,61.1100,62.0800,51.3281,931800,0.0000,1.0000
2012-07-16,62.3300,62.5300,61.6700,61.8500,51.1380,945600,0.0000,1.0000
2012-07-13,60.7900,62.9700,60.5800,62.7900,51.9152,1748100,0.0000,1.0000
2012-07-12,60.2100,60.6600,59.8100,60.3700,49.9143,1479500,0.0000,1.0000
2012-07-11,60.3500,61.0900,60.2150,60.9300,50.3773,1075800,0.0000,1.0000
2012-07-10,62.3600,62.7700,60.1200,60.3200,49.8729,1869100,0.0000,1.0000
2012-07-09,61.8800,61.8800,61.2900,61.7400,51.0470,958000,0.0000,1.0000
2012-07-06,61.5700,62.0100,61.2200,61.8200,51.1132,964100,0.0000,1.0000
2012-07-05,62.9000,63.1200,62.3600,62.4200,51.6092,971100,0.0000,1.0000
2012-07-03,63.0400,63.3700,62.7100,63.1200,52.1880,657800,0.0000,1.0000
2012-07-02,63.1600,63.3300,62.2400,63.0300,52.1136,1060300,0.0000,1.0000
2012-06-29,62.1400,62.9700,61.6500,62.9600,52.0557,1838600,0.0000,1.0000
2012-06-28,60.1800,60.8400,59.6300,60.7400,50.2202,975900,0.0000,1.0000
2012-06-27,60.0600,60.8200,59.6400,60.6600,50.1541,1103300,0.0000,1.0000
2012-06-26,59.7700,60.0500,59.2200,59.7350,49.3893,1293000,0.0000,1.0000
2012-06-25,60.0100,60.1800,59.2400,59.4100,49.1205,1848900,0.0000,1.0000
2012-06-22,60.2600,60.9200,59.4500,60.7500,50.2285,2043300,0.0000,1.0000
2012-06-21,62.1700,62.3900,59.4500,59.4750,49.1743,2157000,0.0000,1.0000
2012-06-20,61.7700,62.3600,61.2900,61.8600,51.1462,1969900,0.0000,1.0000
2012-06-19,60.9200,61.8300,60.8800,61.6900,51.0057,1569300,0.0000,1.0000
2012-06-18,60.3600,60.8200,59.8600,60.6400,50.1375,1212000,0.0000,1.0000
2012-06-15,59.8600,60.8100,59.6000,60.7900,50.2615,2471000,0.0000,1.0000
2012-06-14,58.8300,60.0900,58.7400,59.7600,49.4099,2022000,0.0000,1.0000
2012-06-13,58.5100,59.2400,58.1600,58.6400,48.4839,1839200,0.0000,1.0000
2012-06-12,57.4600,58.9150,57.4600,58.9100,48.7071,2063000,0.3400,1.0000
2012-06-11,59.4400,59.5500,58.0700,58.1300,47.7864,1443300,0.0000,1.0000
2012-06-08,58.1800,58.8300,57.5200,58.8000,48.3372,1464900,0.0000,1.0000
2012-06-07,58.5900,58.8700,57.8000,58.3000,47.9262,2110300,0.0000,1.0000
2012-06-06,56.1900,57.7000,55.9500,57.7000,47.4330,1640300,0.0000,1.0000
2012-06-05,55.0800,55.8800,55.0800,55.5700,45.6820,2144900,0.0000,1.0000
2012-06-04,55.2000,55.5400,54.4700,55.2200,45.3942,2201400,0.0000,1.0000
2012-06-01,56.2400,56.4700,55.0000,55.2100,45.3860,2728000,0.0000,1.0000
2012-05-31,57.4000,58.0600,56.5400,57.5900,47.3425,1701000,0.0000,1.0000
2012-05-30,57.6400,57.8300,57.2300,57.3500,47.1452,1261700,0.0000,1.0000
2012-05-29,57.8800,58.4000,57.6500,58.3100,47.9344,1638900,0.0000,1.0000
2012-05-25,58.0300,58.3400,57.0900,57.2000,47.0219,2058500,0.0000,1.0000
2012-05-24,57.8600,58.0700,57.1900,58.0700,47.7371,1927200,0.0000,1.0000
2012-05-23,57.4800,57.7800,56.8200,57.6000,47.3507,3126500,0.0000,1.0000
2012-05-22,58.5200,59.2800,57.6800,58.1000,47.7618,2049000,0.0000,1.0000
2012-05-21,56.8900,58.1800,56.6300,58.1500,47.8029,2241800,0.0000,1.0000
2012-05-18,58.3600,58.5900,56.7600,56.8900,46.7671,2322400,0.0000,1.0000
2012-05-17,59.3700,59.5000,58.0100,58.0100,47.6878,1697300,0.0000,1.0000
2012-05-16,59.9100,60.4100,59.1400,59.1600,48.6332,1608700,0.0000,1.0000
2012-05-15,59.6200,60.2000,59.3400,59.4100,48.8387,1442300,0.0000,1.0000
2012-05-14,59.2300,60.1500,59.0300,59.4900,48.9044,1555200,0.0000,1.0000
2012-05-11,59.3900,60.6300,59.0000,60.1300,49.4306,1321100,0.0000,1.0000
2012-05-10,60.4000,60.7000,59.5400,59.8700,49.2168,1527500,0.0000,1.0000
2012-05-09,59.1100,60.0400,59.0000,59.7300,49.1017,1669600,0.0000,1.0000
2012-05-08,59.7000,60.0800,58.8400,60.0000,49.3237,1936500,0.0000,1.0000
2012-05-07,59.9500,60.5700,59.7200,60.2500,49.5292,2270300,0.0000,1.0000
2012-05-04,60.9700,61.2200,60.0000,60.4500,49.6936,1913900,0.0000,1.0000
2012-05-03,62.2500,62.3600,61.2567,61.4900,50.5486,1567200,0.0000,1.0000
2012-05-02,62.6100,62.6100,61.8300,62.2400,51.1651,1577400,0.0000,1.0000
2012-05-01,62.9400,63.8900,62.5200,62.9200,51.7241,2064700,0.0000,1.0000
2012-04-30,63.0600,63.2000,62.5200,63.1150,51.8844,852900,0.0000,1.0000
2012-04-27,63.5500,63.8400,62.6600,63.2300,51.9790,979700,0.0000,1.0000
2012-04-26,62.9000,63.6600,62.7300,63.4000,52.1187,1098600,0.0000,1.0000
2012-04-25,62.3400,63.3590,61.8300,63.1800,51.9378,1511600,0.0000,1.0000
2012-04-24,61.2300,62.4200,61.0900,61.9500,50.9267,1629800,0.0000,1.0000
2012-04-23,61.2700,61.2700,60.4700,61.0100,50.1540,1447600,0.0000,1.0000
2012-04-20,61.9600,62.5200,61.5100,61.8800,50.8692,1305500,0.0000,1.0000
2012-04-19,62.5600,62.7500,61.4000,61.7600,50.7705,1167300,0.0000,1.0000
2012-04-18,63.1200,63.1200,62.3900,62.4400,51.3295,1019300,0.0000,1.0000
2012-04-17,62.7900,63.7800,62.4600,63.5000,52.2009,1069400,0.0000,1.0000
2012-04-16,62.6900,62.8700,61.6600,62.1800,51.1158,1197600,0.0000,1.0000
2012-04-13,63.1700,63.1700,61.9500,62.0500,51.0089,1102000,0.0000,1.0000
2012-04-12,62.0800,63.1400,61.8100,63.0700,51.8474,1532300,0.0000,1.0000
2012-04-11,62.8300,63.0000,61.5300,61.8000,50.8034,2129200,0.0000,1.0000
2012-04-10,63.5300,63.5900,61.8400,61.8500,50.8445,1850200,0.0000,1.0000
2012-04-09,63.8300,64.0400,63.2500,63.6100,52.2913,859900,0.0000,1.0000
2012-04-05,64.2500,65.0300,64.1800,64.8800,53.3354,778800,0.0000,1.0000
2012-04-04,65.0700,65.2500,64.3500,64.5400,53.0559,1230400,0.0000,1.0000
2012-04-03,65.5400,65.7900,65.0600,65.6900,54.0012,1388800,0.0000,1.0000
2012-04-02,65.0400,66.0000,64.7800,65.6900,54.0012,1534500,0.0000,1.0000
2012-03-30,64.4000,65.6300,64.3500,65.3000,53.6806,1847600,0.0000,1.0000
2012-03-29,64.3200,64.5700,63.5100,64.1000,52.6941,1237500,0.0000,1.0000
2012-03-28,65.0300,65.1800,63.7900,64.4900,53.0147,1332600,0.0000,1.0000
2012-03-27,65.2400,65.2400,64.7150,64.7900,53.2614,1023500,0.0000,1.0000
2012-03-26,64.8100,65.1500,64.4500,65.0000,53.4340,1195100,0.0000,1.0000
2012-03-23,64.2300,64.3700,63.4026,64.0200,52.6284,813800,0.0000,1.0000
2012-03-22,64.1700,64.2300,63.5300,63.9400,52.5626,927800,0.0000,1.0000
2012-03-21,64.6300,65.1100,64.2000,64.4900,53.0147,1260300,0.0000,1.0000
2012-03-20,64.2600,64.6400,64.0000,64.5000,53.0230,1222700,0.0000,1.0000
2012-03-19,64.6100,64.8800,64.1800,64.7200,53.2038,1172200,0.0000,1.0000
2012-03-16,64.8700,65.2000,64.6400,64.7700,53.2449,2177100,0.0000,1.0000
2012-03-15,64.0800,65.0000,63.7000,64.7100,53.1956,1142700,0.0000,1.0000
2012-03-14,63.9600,64.2100,63.2600,63.7600,52.4146,1102700,0.0000,1.0000
2012-03-13,62.7300,64.0000,62.2400,63.9600,52.5791,1672000,0.3400,1.0000
2012-03-12,63.0100,63.4100,62.2200,62.3900,51.0172,1426900,0.0000,1.0000
2012-03-09,62.4100,63.4300,62.0050,63.1100,51.6060,1744600,0.0000,1.0000
2012-03-08,61.7800,62.1700,61.2400,62.0500,50.7392,1521600,0.0000,1.0000
2012-03-07,60.6200,61.0300,60.3200,60.9800,49.8642,1125000,0.0000,1.0000
2012-03-06,60.5400,60.7600,60.0000,60.1800,49.2101,1742900,0.0000,1.0000
2012-03-05,61.3900,61.5000,60.8700,61.1800,50.0278,1017900,0.0000,1.0000
2012-03-02,62.1500,62.2400,61.4200,61.6500,50.4121,1011200,0.0000,1.0000
2012-03-01,61.7000,62.4300,61.7000,62.2400,50.8946,1234000,0.0000,1.0000
2012-02-29,61.6100,61.9399,61.0800,61.5900,50.3630,1550400,0.0000,1.0000
2012-02-28,61.3100,61.8300,61.0000,61.2400,50.0768,1166200,0.0000,1.0000
2012-02-27,60.5800,61.4500,60.4800,61.2500,50.0850,1330400,0.0000,1.0000
2012-02-24,61.7000,61.9100,60.9300,61.0300,49.9051,1118300,0.0000,1.0000
2012-02-23,60.8800,61.6000,60.8500,61.4900,50.2813,1490300,0.0000,1.0000
2012-02-22,61.7800,62.0300,61.0900,61.1400,49.9951,1282300,0.0000,1.0000
2012-02-21,63.0000,63.0000,61.5000,61.7000,50.4530,2066900,0.0000,1.0000
2012-02-17,62.5000,62.9500,62.1020,62.9100,51.4424,1914500,0.0000,1.0000
2012-02-16,60.2000,62.2300,60.0900,62.2200,50.8782,2005900,0.0000,1.0000
2012-02-15,60.3300,60.7100,59.6900,60.0950,49.1406,2047800,0.0000,1.0000
2012-02-14,59.6900,60.0400,59.3300,59.9500,49.0220,1468500,0.0000,1.0000
2012-02-13,59.8800,60.2500,59.6100,60.1000,49.1447,1458400,0.0000,1.0000
2012-02-10,58.8500,59.3000,58.3800,59.1400,48.3596,1864900,0.0000,1.0000
2012-02-09,58.5000,59.6000,58.1400,59.5500,48.6949,2938500,0.0000,1.0000
2012-02-08,58.6400,59.0100,57.8200,58.5300,47.8608,3052400,0.0000,1.0000
2012-02-07,58.4800,58.7750,57.6100,58.6600,47.9671,2094800,0.0000,1.0000
2012-02-06,58.7900,59.3800,58.5200,58.7600,48.0489,1316500,0.0000,1.0000
2012-02-03,58.3500,59.3500,58.3000,59.3000,48.4905,2451500,0.0000,1.0000
2012-02-02,58.9300,59.0900,57.7000,57.8500,47.3048,1881700,0.0000,1.0000
2012-02-01,56.9800,58.8900,56.5000,58.6200,47.9344,2765000,0.0000,1.0000
2012-01-31,58.6800,58.6800,57.1100,57.8400,47.2966,2232800,0.0000,1.0000
2012-01-30,59.1700,59.3400,57.8300,58.2500,47.6319,2128500,0.0000,1.0000
2012-01-27,59.8800,60.8400,59.3800,59.8200,48.9157,2712700,0.0000,1.0000
2012-01-26,61.4800,62.1400,60.8100,61.0400,49.9133,2152500,0.0000,1.0000
2012-01-25,60.2900,61.1500,60.1200,60.9800,49.8642,1354800,0.0000,1.0000
2012-01-24,59.7700,60.7000,59.4000,60.5400,49.5044,1258400,0.0000,1.0000
2012-01-23,60.0300,60.4000,59.5900,60.1800,49.2101,1414000,0.0000,1.0000
2012-01-20,60.1500,60.3300,59.7200,60.0500,49.1038,2921400,0.0000,1.0000
2012-01-19,60.0400,60.5200,58.8800,60.0600,49.1119,2854600,0.0000,1.0000
2012-01-18,58.6600,59.8800,58.3900,59.7400,48.8503,1918300,0.0000,1.0000
2012-01-17,59.2300,59.9300,58.4900,58.6800,47.9835,1731800,0.0000,1.0000
2012-01-13,58.8100,59.0800,58.1500,59.0000,48.2452,1499600,0.0000,1.0000
2012-01-12,59.6100,59.6800,58.8690,59.3700,48.5477,1788100,0.0000,1.0000
2012-01-11,59.0300,59.5700,58.8700,59.3300,48.5150,1884000,0.0000,1.0000
2012-01-10,59.2800,60.7600,59.0900,60.4100,49.3981,2607400,0.0000,1.0000
2012-01-09,58.8700,59.3500,58.1500,58.2000,47.5910,2256000,0.0000,1.0000
2012-01-06,58.4100,59.1800,57.9700,58.7100,48.0080,1984000,0.0000,1.0000
2012-01-05,56.9300,58.4100,56.4800,58.2900,47.6646,1832800,0.0000,1.0000
2012-01-04,57.2300,57.7100,56.8200,57.4800,47.0022,1192500,0.0000,1.0000
2012-01-03,58.5100,59.0700,57.5200,57.5850,47.0881,1657400,0.0000,1.0000
2011-12-30,57.5000,57.5900,56.8900,56.9500,46.5689,1115700,0.0000,1.0000
2011-12-29,56.6100,57.4700,56.4100,57.3600,46.9041,1029800,0.0000,1.0000
2011-12-28,57.4800,57.5683,56.2300,56.2900,46.0292,1313400,0.0000,1.0000
2011-12-27,57.4600,58.0100,57.0100,57.4200,46.9532,843800,0.0000,1.0000
2011-12-23,57.0000,57.5100,56.4400,57.4900,47.0104,1197300,0.0000,1.0000
2011-12-22,56.8900,57.4200,56.6000,56.8300,46.4707,1665700,0.0000,1.0000
2011-12-21,56.5000,57.1000,55.1200,56.5600,46.2499,2067700,0.0000,1.0000
2011-12-20,54.9000,56.5600,54.7800,56.4500,46.1600,1930700,0.0000,1.0000
2011-12-19,54.4700,54.7300,53.5700,53.6800,43.8949,2479500,0.0000,1.0000
2011-12-16,54.4900,55.0200,53.8100,54.2800,44.3856,3122800,0.0000,1.0000
2011-12-15,54.8300,55.0000,53.9200,54.0000,44.1566,1708800,0.0000,1.0000
2011-12-14,54.8700,55.1499,53.8802,54.1300,44.2629,2837700,0.0000,1.0000
2011-12-13,56.3500,56.7700,54.4700,55.0300,44.9988,2152100,0.0000,1.0000
2011-12-12,56.6100,56.7600,55.4400,56.2300,45.9801,2037500,0.3100,1.0000
2011-12-09,56.6400,58.1700,56.2800,57.9600,47.1349,2766000,0.0000,1.0000
2011-12-08,58.9399,59.0000,56.8100,56.9900,46.3461,3187900,0.0000,1.0000
2011-12-07,57.6900,59.5500,56.9700,59.3500,48.2653,6554500,0.0000,1.0000
2011-12-06,58.0100,58.2900,57.3300,57.8400,47.0373,2085900,0.0000,1.0000
2011-12-05,58.8400,59.3200,57.4400,58.0100,47.1755,2516200,0.0000,1.0000
2011-12-02,57.4100,59.0900,57.3000,57.5000,46.7608,1892900,0.0000,1.0000
2011-12-01,56.4200,56.8500,55.5300,56.5800,46.0126,1648800,0.0000,1.0000
2011-11-30,55.6700,56.9000,55.5200,56.7600,46.1590,3191200,0.0000,1.0000
2011-11-29,53.0600,53.5800,52.5500,53.2100,43.2720,1904200,0.0000,1.0000
2011-11-28,51.9900,52.8200,51.8500,52.8200,42.9549,2103300,0.0000,1.0000
2011-11-25,49.5000,50.5700,49.3800,49.6100,40.3444,912300,0.0000,1.0000
2011-11-23,50.3700,50.4800,49.3500,49.4400,40.2062,2354800,0.0000,1.0000
2011-11-22,51.0600,51.5500,50.3700,50.9700,41.4504,2058000,0.0000,1.0000
2011-11-21,51.6000,51.7000,50.7400,51.2600,41.6862,2120700,0.0000,1.0000
2011-11-18,52.9900,53.0400,52.1300,52.5000,42.6946,1726600,0.0000,1.0000
2011-11-17,53.3400,53.7400,52.2800,52.5200,42.7109,2591600,0.0000,1.0000
2011-11-16,53.8600,54.8800,53.2900,53.4700,43.4835,1989700,0.0000,1.0000
2011-11-15,53.9700,55.0400,53.6600,54.7200,44.5000,1827700,0.0000,1.0000
2011-11-14,54.1500,54.4900,54.0150,54.2700,44.1341,2420400,0.0000,1.0000
2011-11-11,53.1600,54.5300,52.9200,54.3300,44.1829,2124100,0.0000,1.0000
2011-11-10,52.5600,52.7900,51.7100,52.1500,42.4100,1964900,0.0000,1.0000
2011-11-09,52.5100,52.7400,51.3600,51.4200,41.8164,3044700,0.0000,1.0000
2011-11-08,53.3500,54.4900,53.1300,54.3300,44.1829,2311600,0.0000,1.0000
2011-11-07,52.9100,53.2000,52.0600,53.0100,43.1094,2362400,0.0000,1.0000
2011-11-04,52.0300,52.9200,51.3700,52.7600,42.9061,2704800,0.0000,1.0000
2011-11-03,52.0000,53.2400,50.3900,52.8100,42.9467,2570800,0.0000,1.0000
2011-11-02,50.9600,51.7300,50.2700,51.1700,41.6130,2843800,0.0000,1.0000
2011-11-01,50.4400,51.5300,49.5300,49.6400,40.3688,4748500,0.0000,1.0000
2011-10-31,55.3300,55.5600,52.6900,52.8400,42.9711,3427800,0.0000,1.0000
2011-10-28,56.4200,57.0000,55.8600,56.5400,45.9801,1986600,0.0000,1.0000
2011-10-27,54.3601,57.2300,54.3601,56.8100,46.1997,3868300,0.0000,1.0000
2011-10-26,51.7500,51.7899,49.8000,51.0200,41.4911,3244100,0.0000,1.0000
2011-10-25,50.6900,52.7000,50.3900,51.0800,41.5399,4168300,0.0000,1.0000
2011-10-24,54.7600,56.1600,54.5450,55.9900,45.5328,2360200,0.0000,1.0000
2011-10-21,53.6000,54.9150,53.4800,54.8600,44.6139,2424400,0.0000,1.0000
2011-10-20,52.6500,53.2400,51.7300,52.7800,42.9223,3369100,0.0000,1.0000
2011-10-19,53.8500,54.2100,52.5300,52.6900,42.8492,3410000,0.0000,1.0000
2011-10-18,52.1200,54.3600,51.5500,53.9400,43.8657,2822800,0.0000,1.0000
2011-10-17,53.2300,53.3900,51.5800,51.7500,42.0847,2098700,0.0000,1.0000
2011-10-14,53.4300,54.5900,52.7500,53.5800,43.5729,2533600,0.0000,1.0000
2011-10-13,52.8100,53.0700,51.1200,52.3400,42.5645,2864100,0.0000,1.0000
2011-10-12,52.1500,54.4300,52.0200,53.4700,43.4835,4143400,0.0000,1.0000
2011-10-11,51.4100,52.1600,51.0400,51.7600,42.0929,2281100,0.0000,1.0000
2011-10-10,50.1700,51.8300,50.1300,51.7900,42.1172,2185500,0.0000,1.0000
2011-10-07,50.7700,50.9400,48.9500,49.0600,39.8971,2727900,0.0000,1.0000
2011-10-06,48.7500,50.4600,47.7400,50.4000,40.9869,2567100,0.0000,1.0000
2011-10-05,48.3500,49.4300,47.7300,49.0400,39.8809,2659600,0.0000,1.0000
2011-10-04,45.2200,48.4900,44.6800,48.4600,39.4092,3770600,0.0000,1.0000
2011-10-03,47.3200,48.0300,45.6900,45.8900,37.3192,3579800,0.0000,1.0000
2011-09-30,48.6100,49.2100,47.7700,47.7700,38.8481,3457400,0.0000,1.0000
2011-09-29,49.6500,50.0000,48.1700,49.6900,40.4095,2953400,0.0000,1.0000
2011-09-28,49.5000,50.0600,48.2750,48.4200,39.3767,3059500,0.0000,1.0000
2011-09-27,49.0800,51.0600,48.7200,49.5100,40.2631,3633800,0.0000,1.0000
2011-09-26,47.5500,48.3100,46.2800,48.2700,39.2547,3610100,0.0000,1.0000
2011-09-23,46.9900,47.9200,46.4000,46.9100,38.1487,4051000,0.0000,1.0000
2011-09-22,47.2700,47.4900,45.7500,46.9700,38.1975,6098900,0.0000,1.0000
2011-09-21,51.2700,51.6500,48.8200,48.8300,39.7101,3121400,0.0000,1.0000
2011-09-20,51.7500,52.4900,51.2800,51.3100,41.7269,1828600,0.0000,1.0000
2011-09-19,52.0100,52.1900,50.5700,51.4600,41.8489,2728900,0.0000,1.0000
2011-09-16,53.1900,53.3600,51.9200,53.0300,43.1257,2773200,0.0000,1.0000
2011-09-15,51.4800,53.0200,51.3400,53.0000,43.1013,2446000,0.0000,1.0000
2011-09-14,50.6600,51.7100,49.4100,50.9800,41.4585,2610500,0.0000,1.0000
2011-09-13,50.0200,50.7700,49.2500,50.3600,40.9543,2316500,0.0000,1.0000
2011-09-12,48.5700,49.8300,48.0700,49.7750,40.4786,2654800,0.3100,1.0000
2011-09-09,49.8900,50.7400,49.0900,49.4300,39.9492,3217800,0.0000,1.0000
2011-09-08,50.9100,51.6600,50.4300,50.5500,40.8544,2253400,0.0000,1.0000
2011-09-07,50.4000,51.7750,50.1700,51.6500,41.7434,2395900,0.0000,1.0000
2011-09-06,48.4300,49.4450,47.9600,49.3800,39.9088,2571100,0.0000,1.0000
2011-09-02,50.9100,51.3400,49.9400,50.1700,40.5473,1929600,0.0000,1.0000
2011-09-01,53.3400,53.7100,52.1700,52.1800,42.1718,2036300,0.0000,1.0000
2011-08-31,53.4800,54.2100,53.1000,53.4800,43.2224,2462300,0.0000,1.0000
2011-08-30,52.4100,53.3200,51.8200,52.9200,42.7698,1936400,0.0000,1.0000
2011-08-29,51.6500,53.0000,51.4300,52.9900,42.8264,1946700,0.0000,1.0000
2011-08-26,48.8600,51.3450,47.7900,50.6900,40.9675,3057900,0.0000,1.0000
2011-08-25,50.6400,52.2700,49.0100,49.4400,39.9573,2679800,0.0000,1.0000
2011-08-24,49.2900,50.9300,48.7400,50.3400,40.6847,3004800,0.0000,1.0000
2011-08-23,47.1000,49.4000,46.6900,49.3900,39.9169,3256700,0.0000,1.0000
2011-08-22,47.6200,48.2400,46.6000,46.8900,37.8964,3805400,0.0000,1.0000
2011-08-19,46.6500,48.6500,46.2800,46.4400,37.5327,4422300,0.0000,1.0000
2011-08-18,49.2000,49.2000,46.5100,47.0800,38.0500,5819100,0.0000,1.0000
2011-08-17,51.4000,51.7600,50.6600,50.9800,41.2019,2852000,0.0000,1.0000
2011-08-16,51.1200,51.8600,50.3300,51.2000,41.3797,3610700,0.0000,1.0000
2011-08-15,51.4800,52.1500,50.9000,51.9350,41.9738,2548400,0.0000,1.0000
2011-08-12,52.2100,53.1400,50.7300,50.9600,41.1858,3895500,0.0000,1.0000
2011-08-11,49.0500,52.5000,48.6800,51.6800,41.7677,4561300,0.0000,1.0000
2011-08-10,50.4300,51.3100,48.6000,49.0400,39.6340,5741600,0.0000,1.0000
2011-08-09,48.2300,52.1600,47.8200,51.9900,42.0182,6860300,0.0000,1.0000
2011-08-08,50.0800,51.2900,46.9400,47.2300,38.1712,6726100,0.0000,1.0000
2011-08-05,52.8900,53.2000,50.3700,51.5100,41.6303,3562900,0.0000,1.0000
2011-08-04,54.5900,55.0300,52.0400,52.1200,42.1233,3768000,0.0000,1.0000
2011-08-03,54.9500,55.6200,53.6900,55.3400,44.7257,2977600,0.0000,1.0000
2011-08-02,56.0500,56.7800,54.8700,54.8800,44.3539,2104300,0.0000,1.0000
2011-08-01,57.4600,57.9600,56.0800,56.6700,45.8006,2373300,0.0000,1.0000
2011-07-29,55.7400,57.6000,55.4200,56.8000,45.9056,2590700,0.0000,1.0000
2011-07-28,55.8900,57.6700,55.8100,56.4100,45.5904,2641000,0.0000,1.0000
2011-07-27,59.6400,59.9700,55.4600,55.9700,45.2348,4823300,0.0000,1.0000
2011-07-26,60.1800,61.0500,59.6100,60.0600,48.5404,2430100,0.0000,1.0000
2011-07-25,59.7000,60.5700,59.3200,59.9700,48.4676,1832700,0.0000,1.0000
2011-07-22,60.3400,60.7800,59.9900,60.3200,48.7505,1438900,0.0000,1.0000
2011-07-21,57.7600,60.9000,57.7600,60.2200,48.6697,2851700,0.0000,1.0000
2011-07-20,58.3200,58.6000,57.5900,57.7900,46.7058,1279400,0.0000,1.0000
2011-07-19,57.4300,58.3700,57.2700,58.3100,47.1260,1292000,0.0000,1.0000
2011-07-18,57.9800,58.1200,56.6400,57.2500,46.2693,1778900,0.0000,1.0000
2011-07-15,58.7100,58.9400,57.4400,58.3400,47.1503,2112800,0.0000,1.0000
2011-07-14,59.1500,59.2700,58.0300,58.4400,47.2311,2197600,0.0000,1.0000
2011-07-13,59.1300,60.3900,58.6500,58.9000,47.6029,1957100,0.0000,1.0000
2011-07-12,58.5000,59.7200,58.5000,58.7400,47.4735,1812600,0.0000,1.0000
2011-07-11,60.0300,60.2400,58.3500,58.5400,47.3119,1735400,0.0000,1.0000
2011-07-08,60.8000,61.1400,60.1500,60.9100,49.2273,1651600,0.0000,1.0000
2011-07-07,61.7500,62.2500,61.5200,61.8700,50.0032,1487500,0.0000,1.0000
2011-07-06,60.5500,61.0500,59.9200,61.0000,49.3001,1661100,0.0000,1.0000
2011-07-05,61.0100,61.2500,60.1900,60.7700,49.1142,1739800,0.0000,1.0000
2011-07-01,60.3900,61.1400,59.9100,61.0000,49.3001,1732100,0.0000,1.0000
2011-06-30,60.0700,60.4300,59.1700,60.3400,48.7667,2202300,0.0000,1.0000
2011-06-29,58.9300,59.3900,58.6100,59.2800,47.9100,1915400,0.0000,1.0000
2011-06-28,57.8400,58.7300,57.7200,58.5300,47.3038,1512400,0.0000,1.0000
2011-06-27,56.2400,57.8500,56.2400,57.6800,46.6169,1746500,0.0000,1.0000
2011-06-24,57.1600,57.2400,56.1200,56.5100,45.6713,2065100,0.0000,1.0000
2011-06-23,56.8600,57.1700,55.9400,57.0800,46.1319,2391300,0.0000,1.0000
2011-06-22,58.4000,58.8300,57.5200,57.5250,46.4916,1721100,0.0000,1.0000
2011-06-21,57.9800,59.2400,57.9600,58.7300,47.4655,2080400,0.0000,1.0000
2011-06-20,57.1700,57.7700,56.9800,57.6700,46.6088,1165400,0.0000,1.0000
2011-06-17,57.6200,57.8300,57.0100,57.2300,46.2532,1627700,0.0000,1.0000
2011-06-16,56.4500,57.0900,56.0500,56.7900,45.8976,2770700,0.0000,1.0000
2011-06-15,57.2000,57.5800,56.2950,56.6600,45.7925,2320600,0.0000,1.0000
2011-06-14,57.4400,58.1300,57.1900,57.7700,46.6896,1848600,0.0000,1.0000
2011-06-13,56.9700,57.2700,56.3900,56.6800,45.8087,2156400,0.0000,1.0000
2011-06-10,57.4900,57.6600,56.4500,56.7100,45.8329,2789200,0.3100,1.0000
2011-06-09,57.4600,58.3400,57.0300,58.1300,46.7251,2627900,0.0000,1.0000
2011-06-08,58.1200,58.4900,57.0400,57.0900,45.8892,2973100,0.0000,1.0000
2011-06-07,58.5800,59.2700,58.2400,58.4700,46.9984,1632100,0.0000,1.0000
2011-06-06,58.3600,59.0000,57.9000,58.0400,46.6528,2522400,0.0000,1.0000
2011-06-03,59.3500,59.7300,58.6500,58.9700,47.4003,2459800,0.0000,1.0000
2011-06-02,59.6100,60.1400,59.1500,59.9100,48.1559,2409700,0.0000,1.0000
2011-06-01,61.2900,61.7300,59.4300,59.5200,47.8424,4202100,0.0000,1.0000
2011-05-31,63.1500,63.4700,62.6850,63.3000,50.8808,1497800,0.0000,1.0000
2011-05-27,62.4000,62.7800,62.2300,62.4400,50.1895,1022000,0.0000,1.0000
2011-05-26,61.8500,62.3700,61.3000,62.1200,49.9323,1676600,0.0000,1.0000
2011-05-25,61.8800,62.4900,61.5600,62.1200,49.9323,1064000,0.0000,1.0000
2011-05-24,62.0900,62.5000,61.7000,62.2200,50.0127,1487200,0.0000,1.0000
2011-05-23,62.0800,62.2600,61.5200,61.9300,49.7796,1500000,0.0000,1.0000
2011-05-20,63.4700,63.7000,62.6600,62.9100,50.5673,1611900,0.0000,1.0000
2011-05-19,63.6000,64.1000,63.4200,63.7300,51.2264,1437200,0.0000,1.0000
2011-05-18,62.2900,63.5600,61.9400,63.2800,50.8647,1792100,0.0000,1.0000
2011-05-17,61.5600,62.3500,61.3300,62.1800,49.9805,1896400,0.0000,1.0000
2011-05-16,61.7700,62.8100,61.7000,61.8700,49.7313,1377700,0.0000,1.0000
2011-05-13,62.8000,62.9200,61.8000,62.0000,49.8358,1507600,0.0000,1.0000
2011-05-12,61.9700,62.8500,61.5100,62.7800,50.4628,1300000,0.0000,1.0000
2011-05-11,63.1600,63.2900,61.8300,62.1700,49.9725,1400000,0.0000,1.0000
2011-05-10,62.9000,63.4500,62.7000,63.2800,50.8647,1171800,0.0000,1.0000
2011-05-09,62.3500,62.7000,61.8700,62.6300,50.3422,1346800,0.0000,1.0000
2011-05-06,63.3400,63.9200,62.4800,62.5200,50.2538,1714600,0.0000,1.0000
2011-05-05,62.3900,63.6100,62.1600,62.4700,50.2136,1700000,0.0000,1.0000
2011-05-04,63.0000,63.1800,62.0600,62.7800,50.4628,2027200,0.0000,1.0000
2011-05-03,63.8000,63.8000,62.6251,62.9900,50.6316,2100000,0.0000,1.0000
2011-05-02,64.6100,64.6500,63.7100,63.9200,51.3791,1385000,0.0000,1.0000
2011-04-29,64.4700,64.6900,64.0000,64.2500,51.6444,1118600,0.0000,1.0000
2011-04-28,64.9100,64.9700,64.0610,64.6200,51.9418,1701400,0.0000,1.0000
2011-04-27,63.8100,64.9700,63.5400,64.9400,52.1990,2654500,0.0000,1.0000
2011-04-26,63.4000,64.0500,63.3700,63.7000,51.2023,3500000,0.0000,1.0000
2011-04-25,63.9700,64.1300,63.0400,63.3100,50.8888,2567700,0.0000,1.0000
2011-04-21,64.2400,64.7300,63.3400,64.0800,51.5078,2986400,0.0000,1.0000
2011-04-20,66.2500,66.9700,65.9600,66.3700,53.3485,2157200,0.0000,1.0000
2011-04-19,65.9400,66.1800,65.4300,66.0400,53.0832,1096000,0.0000,1.0000
2011-04-18,65.9500,66.1000,64.9200,65.6650,52.7818,1302200,0.0000,1.0000
2011-04-15,66.7300,67.1100,66.2500,67.0100,53.8629,998400,0.0000,1.0000
2011-04-14,66.8300,66.8700,66.2800,66.5600,53.5012,790400,0.0000,1.0000
2011-04-13,67.0100,67.4900,66.4700,67.0800,53.9192,1269600,0.0000,1.0000
2011-04-12,66.8900,67.0400,66.0450,66.5200,53.4690,881300,0.0000,1.0000
2011-04-11,68.2500,68.3000,66.9200,67.3000,54.0960,1002900,0.0000,1.0000
2011-04-08,68.4900,68.5900,67.5700,67.8500,54.5381,1163800,0.0000,1.0000
2011-04-07,67.7000,68.2579,67.2300,67.9200,54.5944,998600,0.0000,1.0000
2011-04-06,67.6400,68.0600,67.4200,67.9200,54.5944,961600,0.0000,1.0000
2011-04-05,66.8800,67.4300,66.4700,67.3500,54.1362,1004900,0.0000,1.0000
2011-04-04,68.0500,68.1699,67.1400,67.3100,54.1040,895200,0.0000,1.0000
2011-04-01,67.0700,67.9400,67.0600,67.8900,54.5702,1809000,0.0000,1.0000
2011-03-31,65.9000,66.4900,65.6100,66.4200,53.3887,1117400,0.0000,1.0000
2011-03-30,65.2400,66.9649,65.2400,66.1900,53.2038,1576300,0.0000,1.0000
2011-03-29,64.3900,65.1700,63.8600,65.1700,52.3839,1496900,0.0000,1.0000
2011-03-28,65.2600,65.2600,64.3500,64.4300,51.7891,954100,0.0000,1.0000
2011-03-25,64.6400,65.6500,64.4100,65.0700,52.3035,1365600,0.0000,1.0000
2011-03-24,64.4400,64.5900,63.6700,64.5000,51.8454,1224200,0.0000,1.0000
2011-03-23,62.6800,63.9100,62.1000,63.7600,51.2505,1342400,0.0000,1.0000
2011-03-22,63.5700,63.5700,62.7700,63.0300,50.6638,2143200,0.0000,1.0000
2011-03-21,63.1700,63.8000,62.8700,63.6800,51.1862,1531400,0.0000,1.0000
2011-03-18,62.8700,63.4000,62.1400,62.2400,50.0288,2061200,0.0000,1.0000
2011-03-17,62.0500,62.6700,61.3600,61.9900,49.8278,1335400,0.0000,1.0000
2011-03-16,61.9400,62.6600,60.5800,60.8300,48.8954,2154800,0.0000,1.0000
2011-03-15,61.3900,62.5700,61.0300,61.9600,49.8037,3308100,0.0000,1.0000
2011-03-14,64.0800,64.4200,63.2600,63.6900,51.1943,2092100,0.0000,1.0000
2011-03-11,64.1200,64.8100,63.8200,64.7200,52.0222,1120400,0.3100,1.0000
2011-03-10,65.5100,65.6500,64.2300,64.3800,51.5022,1962500,0.0000,1.0000
2011-03-09,67.4300,67.6300,66.4700,66.6900,53.3501,1850200,0.0000,1.0000
2011-03-08,66.2200,67.6900,65.8800,67.5800,54.0621,1328600,0.0000,1.0000
2011-03-07,67.0300,67.6300,65.7400,65.9400,52.7502,979200,0.0000,1.0000
2011-03-04,67.4800,67.5600,65.8500,66.7400,53.3901,1282800,0.0000,1.0000
2011-03-03,66.3900,67.8399,66.1300,67.6200,54.0941,1206500,0.0000,1.0000
2011-03-02,65.3900,65.8600,64.7300,65.5200,52.4142,998000,0.0000,1.0000
2011-03-01,67.1700,67.3400,65.1400,65.3500,52.2782,1819000,0.0000,1.0000
2011-02-28,67.4000,67.8000,66.4700,66.9800,53.5821,1868700,0.0000,1.0000
2011-02-25,66.5900,67.2500,66.3900,67.1200,53.6941,1985100,0.0000,1.0000
2011-02-24,66.4400,67.1500,65.4700,66.3000,53.0382,1931700,0.0000,1.0000
2011-02-23,67.6600,68.1000,65.5400,66.2500,52.9982,2089700,0.0000,1.0000
2011-02-22,70.0800,70.6400,67.4500,67.6300,54.1021,1846900,0.0000,1.0000
2011-02-18,70.5000,71.2900,70.0900,71.1000,56.8780,1214200,0.0000,1.0000
2011-02-17,70.5100,70.5300,69.8800,70.3300,56.2620,882400,0.0000,1.0000
2011-02-16,69.4000,70.7400,69.2800,70.4900,56.3900,1493700,0.0000,1.0000
2011-02-15,68.9300,69.5600,68.8700,69.1900,55.3501,953400,0.0000,1.0000
2011-02-14,68.7700,69.4800,68.6000,69.3200,55.4541,904200,0.0000,1.0000
2011-02-11,67.8300,69.2500,67.6100,68.9800,55.1821,1057100,0.0000,1.0000
2011-02-10,66.7100,68.2100,66.7100,68.0700,54.4541,1037300,0.0000,1.0000
2011-02-09,67.1900,67.4900,66.7801,67.1250,53.6981,856300,0.0000,1.0000
2011-02-08,67.2500,67.5000,66.8000,67.2500,53.7981,1008000,0.0000,1.0000
2011-02-07,66.2800,67.5600,66.2000,67.0100,53.6061,1511500,0.0000,1.0000
2011-02-04,66.2900,66.8700,65.9300,66.0800,52.8622,1437000,0.0000,1.0000
2011-02-03,66.4300,66.7500,65.5100,66.1200,52.8942,1170800,0.0000,1.0000
2011-02-02,66.7500,67.0200,66.3000,66.5200,53.2141,1308700,0.0000,1.0000
2011-02-01,66.0000,67.6000,65.9650,67.2100,53.7661,1737700,0.0000,1.0000
2011-01-31,65.9100,66.3400,64.9700,65.9200,52.7342,2165400,0.0000,1.0000
2011-01-28,68.9000,68.9800,64.9600,65.8500,52.6782,2830200,0.0000,1.0000
2011-01-27,67.3700,68.2300,67.1300,68.0700,54.4541,1534400,0.0000,1.0000
2011-01-26,67.1800,67.5200,66.5900,67.2900,53.8301,1279200,0.0000,1.0000
2011-01-25,66.5000,66.8500,65.8400,66.8300,53.4621,1452300,0.0000,1.0000
2011-01-24,65.3400,66.5300,65.3100,66.5200,53.2141,1271900,0.0000,1.0000
2011-01-21,66.1600,66.7500,65.8700,66.2500,52.9982,1189200,0.0000,1.0000
2011-01-20,66.2600,66.9600,65.4200,65.6300,52.5022,1241100,0.0000,1.0000
2011-01-19,67.4400,67.5900,65.8900,66.0200,52.8142,1544300,0.0000,1.0000
2011-01-18,67.5700,67.9200,66.9400,67.8600,54.2861,1324500,0.0000,1.0000
2011-01-14,66.5100,67.7600,66.0900,67.7000,54.1581,1884000,0.0000,1.0000
2011-01-13,66.4900,67.4700,66.3100,66.7400,53.3901,1533600,0.0000,1.0000
2011-01-12,65.5900,66.6500,65.5400,66.6100,53.2861,1444700,0.0000,1.0000
2011-01-11,64.9900,66.0100,64.9100,65.2100,52.1662,1087400,0.0000,1.0000
2011-01-10,64.2300,64.9500,63.6800,64.7300,51.7822,1281600,0.0000,1.0000
2011-01-07,65.2900,65.8100,63.9700,64.6300,51.7022,1452200,0.0000,1.0000
2011-01-06,65.2400,66.0900,64.9450,65.1600,52.1262,1563900,0.0000,1.0000
2011-01-05,64.3500,65.1600,64.3400,65.1600,52.1262,1886700,0.0000,1.0000
2011-01-04,64.6500,65.3600,64.1500,64.2800,51.4222,2078800,0.0000,1.0000
2011-01-03,64.9200,66.1500,64.8800,65.7800,52.6222,2496500,0.0000,1.0000
2010-12-31,64.1600,64.6200,63.8000,64.5400,51.6302,1177400,0.0000,1.0000
2010-12-30,64.0100,64.4500,63.8500,64.2200,51.3742,978700,0.0000,1.0000
2010-12-29,64.3000,64.3000,63.6800,63.9100,51.1262,916100,0.0000,1.0000
2010-12-28,64.7900,65.0400,64.0400,64.3800,51.5022,560900,0.0000,1.0000
2010-12-27,64.1800,64.7500,64.0400,64.7300,51.7822,563300,0.0000,1.0000
2010-12-23,65.1300,65.2400,63.9800,64.4000,51.5182,920300,0.0000,1.0000
2010-12-22,64.4900,65.3800,64.4100,65.3700,52.2942,1439300,0.0000,1.0000
2010-12-21,63.7300,64.5400,63.6100,64.2700,51.4142,1345600,0.0000,1.0000
2010-12-20,63.4500,63.6400,62.8300,63.3600,50.6862,1014100,0.0000,1.0000
2010-12-17,62.5500,63.2899,62.5500,62.9900,50.3902,2410300,0.0000,1.0000
2010-12-16,62.7500,62.9600,62.1700,62.6400,50.1103,2669600,0.0000,1.0000
2010-12-15,63.7600,63.8200,62.5500,62.7000,50.1583,2539800,0.0000,1.0000
2010-12-14,63.9000,63.9000,62.4300,62.7800,50.2223,1089900,0.0000,1.0000
2010-12-13,63.6600,64.0400,63.0300,63.4500,50.7582,1981900,0.0000,1.0000
2010-12-10,62.4600,63.1600,62.0300,63.0200,50.4142,1224100,0.2700,1.0000
2010-12-09,62.2200,62.6800,61.6700,62.4400,49.7372,1879300,0.0000,1.0000
2010-12-08,62.2600,62.5700,61.5700,61.8400,49.2592,2658100,0.0000,1.0000
2010-12-07,62.5700,63.2200,62.0700,62.1000,49.4663,2932100,0.0000,1.0000
2010-12-06,61.2200,61.6599,60.7300,61.5800,49.0521,1351000,0.0000,1.0000
2010-12-03,60.9900,61.5000,60.0200,61.3200,48.8450,1496100,0.0000,1.0000
2010-12-02,59.7000,61.5200,59.7000,61.4700,48.9645,2086200,0.0000,1.0000
2010-12-01,59.5900,59.9900,59.1800,59.4600,47.3634,2466500,0.0000,1.0000
2010-11-30,57.8000,58.9400,57.5100,58.3300,46.4633,1504500,0.0000,1.0000
2010-11-29,58.1700,58.6600,57.6600,58.3400,46.4713,1227100,0.0000,1.0000
2010-11-26,58.7300,59.0500,58.3500,58.6500,46.7182,451100,0.0000,1.0000
2010-11-24,57.7600,59.3350,57.7201,59.2200,47.1722,1743600,0.0000,1.0000
2010-11-23,57.5119,57.8500,57.0000,57.1800,45.5473,2537300,0.0000,1.0000
2010-11-22,58.8200,59.0000,57.9900,58.5400,46.6306,1179400,0.0000,1.0000
2010-11-19,58.4400,59.0300,57.8000,58.9800,46.9811,1404400,0.0000,1.0000
2010-11-18,58.1500,59.3100,58.1300,58.5400,46.6306,1866800,0.0000,1.0000
2010-11-17,56.8700,57.7500,56.6300,57.4000,45.7225,1323800,0.0000,1.0000
2010-11-16,57.7400,58.1200,56.4600,56.8600,45.2924,1862000,0.0000,1.0000
2010-11-15,57.9600,58.8100,57.8000,58.1700,46.3359,1502600,0.0000,1.0000
2010-11-12,58.1000,58.2600,57.3900,57.7400,45.9933,1725100,0.0000,1.0000
2010-11-11,57.6000,58.8700,57.5100,58.6600,46.7262,1338700,0.0000,1.0000
2010-11-10,57.7200,58.5400,57.1600,58.3100,46.4474,2105000,0.0000,1.0000
2010-11-09,59.2400,59.3595,57.5200,57.8600,46.0889,2093600,0.0000,1.0000
2010-11-08,60.0000,60.0900,58.8100,59.0100,47.0050,1949100,0.0000,1.0000
2010-11-05,59.0600,60.5200,58.8000,60.4600,48.1600,2941900,0.0000,1.0000
2010-11-04,57.6400,59.2500,57.0800,59.1300,47.1006,2730600,0.0000,1.0000
2010-11-03,56.2700,56.7600,55.9200,56.7600,45.2127,1678100,0.0000,1.0000
2010-11-02,56.0900,56.5600,55.6600,56.2900,44.8383,1536000,0.0000,1.0000
2010-11-01,55.4700,56.1070,54.9400,55.4000,44.1294,1460000,0.0000,1.0000
2010-10-29,54.6300,55.4700,54.3100,55.2700,44.0258,2456500,0.0000,1.0000
2010-10-28,54.7100,55.2300,54.2000,54.7000,43.5718,1332500,0.0000,1.0000
2010-10-27,54.1500,54.7500,53.8500,54.4000,43.3328,1602200,0.0000,1.0000
2010-10-26,54.1600,55.0500,53.2400,54.5900,43.4842,2477100,0.0000,1.0000
2010-10-25,55.1200,55.2200,54.6900,54.6900,43.5638,2944800,0.0000,1.0000
2010-10-22,55.0000,55.3800,54.4800,54.8900,43.7231,3380400,0.0000,1.0000
2010-10-21,53.1300,53.5500,52.5200,52.7000,41.9787,2306700,0.0000,1.0000
2010-10-20,51.8000,53.1900,51.5200,52.8700,42.1141,1590200,0.0000,1.0000
2010-10-19,51.9900,52.6000,51.3600,51.7700,41.2379,1697500,0.0000,1.0000
2010-10-18,52.5200,53.0700,52.2800,52.9200,42.1539,1814200,0.0000,1.0000
2010-10-15,52.9700,52.9700,52.1600,52.3800,41.7238,1495800,0.0000,1.0000
2010-10-14,52.9800,53.4600,52.1800,52.5200,41.8353,1750800,0.0000,1.0000
2010-10-13,52.5000,53.4250,52.2600,53.0300,42.2415,2702600,0.0000,1.0000
2010-10-12,51.7400,52.2900,51.3500,52.1300,41.5246,1925200,0.0000,1.0000
2010-10-11,51.2000,51.8700,50.9500,51.7200,41.1981,2025900,0.0000,1.0000
2010-10-08,50.5300,51.7800,50.2000,51.6200,41.1184,2187300,0.0000,1.0000
2010-10-07,52.2200,52.2200,51.0200,51.1600,40.7520,2250500,0.0000,1.0000
2010-10-06,51.8500,52.2200,51.3700,51.9900,41.4131,2519800,0.0000,1.0000
2010-10-05,50.4800,52.0600,49.8000,51.9200,41.3574,2263900,0.0000,1.0000
2010-10-04,50.2500,50.6200,49.3500,49.7800,39.6527,1400600,0.0000,1.0000
2010-10-01,50.6900,51.1000,49.8700,50.3400,40.0988,1734300,0.0000,1.0000
2010-09-30,49.9800,50.5500,49.7900,50.0650,39.8797,2542500,0.0000,1.0000
2010-09-29,49.9000,50.0000,49.2000,49.6400,39.5412,1257500,0.0000,1.0000
2010-09-28,50.2100,50.3800,49.3100,50.1000,39.9076,1840000,0.0000,1.0000
2010-09-27,50.5300,50.6500,49.9000,49.9700,39.8041,1247000,0.0000,1.0000
2010-09-24,48.8300,50.4100,48.7700,50.3700,40.1227,2151200,0.0000,1.0000
2010-09-23,49.0000,49.2100,48.1350,48.2000,38.3942,2437400,0.0000,1.0000
2010-09-22,50.1400,50.6500,49.2600,49.4800,39.4138,1319800,0.0000,1.0000
2010-09-21,51.0100,51.2090,49.9800,50.1500,39.9475,2153300,0.0000,1.0000
2010-09-20,49.7900,51.1400,49.6395,51.0300,40.6484,1871400,0.0000,1.0000
2010-09-17,49.8700,49.9900,49.0300,49.6600,39.5571,2290600,0.0000,1.0000
2010-09-16,49.4300,49.6700,49.1400,49.6200,39.5253,1581900,0.0000,1.0000
2010-09-15,49.5000,49.5500,48.7600,49.5200,39.4456,2956300,0.0000,1.0000
2010-09-14,49.6200,49.9900,49.1900,49.8500,39.7085,1852200,0.0000,1.0000
2010-09-13,49.3900,49.9000,49.3100,49.8800,39.7324,2763800,0.0000,1.0000
2010-09-10,48.3300,48.6700,48.0800,48.6200,38.7287,1489300,0.2700,1.0000
2010-09-09,48.3800,48.6500,47.8800,48.6100,38.5069,2163100,0.0000,1.0000
2010-09-08,47.1100,47.8999,47.1100,47.6700,37.7623,1808500,0.0000,1.0000
2010-09-07,47.6600,47.6600,46.8200,46.9200,37.1682,1400300,0.0000,1.0000
2010-09-03,47.3500,48.1700,47.3500,48.0900,38.0950,2081000,0.0000,1.0000
2010-09-02,46.2900,46.6900,45.9200,46.6500,36.9543,2215900,0.0000,1.0000
2010-09-01,44.7900,46.0200,44.4500,46.0200,36.4552,3963500,0.0000,1.0000
2010-08-31,43.5100,44.3300,43.3000,43.7900,34.6887,2753200,0.0000,1.0000
2010-08-30,45.0900,45.1000,43.7400,43.7800,34.6808,3044300,0.0000,1.0000
2010-08-27,44.2600,45.2400,43.6000,45.2400,35.8373,3870500,0.0000,1.0000
2010-08-26,45.2700,45.5150,43.9700,43.9800,34.8392,3338600,0.0000,1.0000
2010-08-25,44.5400,45.3000,44.1000,45.1000,35.7264,2302100,0.0000,1.0000
2010-08-24,45.4000,45.4000,44.6400,44.8500,35.5284,2315800,0.0000,1.0000
2010-08-23,46.2500,46.3900,45.8200,45.8300,36.3047,1264600,0.0000,1.0000
2010-08-20,45.6100,46.2600,45.2800,46.0900,36.5107,2311500,0.0000,1.0000
2010-08-19,47.1100,47.3700,45.6400,45.6500,36.1621,2567800,0.0000,1.0000
2010-08-18,47.6100,47.8000,46.9700,47.4900,37.6197,1479500,0.0000,1.0000
2010-08-17,46.6700,47.9700,46.5400,47.7400,37.8177,2201700,0.0000,1.0000
2010-08-16,46.1000,46.6800,45.7500,46.2100,36.6057,1665000,0.0000,1.0000
2010-08-13,46.3500,46.7200,46.2500,46.4100,36.7642,1962900,0.0000,1.0000
2010-08-12,46.6600,46.8600,46.3400,46.5000,36.8355,3113300,0.0000,1.0000
2010-08-11,48.5000,48.5300,47.2000,47.2200,37.4058,3555500,0.0000,1.0000
2010-08-10,49.4900,49.5800,48.7000,49.1700,38.9505,2476900,0.0000,1.0000
2010-08-09,49.5000,50.3800,49.2500,49.9000,39.5288,2163200,0.0000,1.0000
2010-08-06,49.8600,50.2300,48.4000,49.2600,39.0218,2681900,0.0000,1.0000
2010-08-05,49.6700,50.4250,49.3800,50.3400,39.8774,2062000,0.0000,1.0000
2010-08-04,49.9500,50.2400,49.5500,50.1500,39.7268,1361200,0.0000,1.0000
2010-08-03,50.0200,50.1700,49.3700,49.7000,39.3704,2469600,0.0000,1.0000
2010-08-02,48.9200,50.0675,48.6300,50.0200,39.6239,2380500,0.0000,1.0000
2010-07-30,48.1100,48.6900,47.7300,48.2300,38.2059,1864800,0.0000,1.0000
2010-07-29,48.4800,49.7500,48.0700,48.7100,38.5861,1768900,0.0000,1.0000
2010-07-28,48.8900,48.9800,48.0100,48.2100,38.1900,1476500,0.0000,1.0000
2010-07-27,48.9300,49.0200,48.2500,48.3400,38.2930,1947600,0.0000,1.0000
2010-07-26,48.0100,48.6100,47.4250,48.4700,38.3960,2730800,0.0000,1.0000
2010-07-23,48.2000,48.3300,46.8900,47.8500,37.9049,5420900,0.0000,1.0000
2010-07-22,47.6800,49.5500,47.6150,49.4400,39.1644,2472700,0.0000,1.0000
2010-07-21,48.1600,48.3100,47.0100,47.1200,37.3266,2396500,0.0000,1.0000
2010-07-20,46.3200,47.7100,46.0400,47.6500,37.7464,1698600,0.0000,1.0000
2010-07-19,47.0400,47.3400,46.1800,47.2700,37.4454,1402200,0.0000,1.0000
2010-07-16,48.2000,48.3000,46.8000,46.9300,37.1761,2572800,0.0000,1.0000
2010-07-15,48.5300,48.6700,47.6000,48.5000,38.4198,2083400,0.0000,1.0000
2010-07-14,48.8800,49.1600,48.0400,48.5100,38.4277,1174900,0.0000,1.0000
2010-07-13,48.3700,49.3300,48.0900,49.1400,38.9268,1945800,0.0000,1.0000
2010-07-12,47.5300,48.0300,47.3300,47.8000,37.8653,2513500,0.0000,1.0000
2010-07-09,47.1200,48.0200,47.0650,47.8900,37.9366,2596100,0.0000,1.0000
2010-07-08,46.5300,47.4700,46.3300,47.0900,37.3028,3733000,0.0000,1.0000
2010-07-07,43.6400,46.0100,43.6400,45.9400,36.3918,3044800,0.0000,1.0000
2010-07-06,44.3100,44.8800,43.1800,43.7800,34.6808,2792400,0.0000,1.0000
2010-07-02,44.2800,44.5800,43.0200,43.6000,34.5382,2608300,0.0000,1.0000
2010-07-01,44.2600,44.8000,42.8100,44.1200,34.9501,2918000,0.0000,1.0000
2010-06-30,44.6100,45.4600,44.2800,44.3900,35.1640,2218600,0.0000,1.0000
2010-06-29,46.3800,46.4900,44.5900,44.8500,35.5284,3288500,0.0000,1.0000
2010-06-28,47.5500,48.0000,46.9300,46.9900,37.2236,1598300,0.0000,1.0000
2010-06-25,46.4000,47.9400,46.1500,47.5700,37.6831,3398000,0.0000,1.0000
2010-06-24,47.3000,47.6100,45.8300,46.0000,36.4394,2981700,0.0000,1.0000
2010-06-23,47.9900,48.3100,47.4200,47.6300,37.7306,1643200,0.0000,1.0000
2010-06-22,48.4700,49.4200,47.7700,47.8300,37.8890,2241900,0.0000,1.0000
2010-06-21,49.8700,50.2488,48.5700,48.7600,38.6257,1868200,0.0000,1.0000
2010-06-18,49.4400,49.6000,48.8800,49.3400,39.0852,2182800,0.0000,1.0000
2010-06-17,49.5100,49.8000,48.6500,49.4400,39.1644,2674600,0.0000,1.0000
2010-06-16,50.2500,50.4200,49.2800,49.5000,39.2119,3079000,0.0000,1.0000
2010-06-15,51.0400,51.0400,49.9100,50.4900,39.9962,2538300,0.0000,1.0000
2010-06-14,50.8300,50.9100,49.3200,49.3800,39.1169,1596600,0.0000,1.0000
2010-06-11,48.0400,50.0000,48.0400,49.8400,39.4813,2035200,0.0000,1.0000
2010-06-10,47.1600,48.9300,47.1600,48.8200,38.6733,2305400,0.2700,1.0000
2010-06-09,48.1500,48.7200,47.0400,47.2100,37.1922,2418900,0.0000,1.0000
2010-06-08,47.1900,48.0800,46.5000,47.9700,37.7909,2721100,0.0000,1.0000
2010-06-07,48.3600,48.6800,47.0900,47.1200,37.1213,2137600,0.0000,1.0000
2010-06-04,48.0500,49.2700,47.8000,47.9150,37.7476,4172700,0.0000,1.0000
2010-06-03,49.9900,50.0300,48.8400,49.4700,38.9726,2159700,0.0000,1.0000
2010-06-02,48.8400,50.1500,48.1300,50.0900,39.4611,2522500,0.0000,1.0000
2010-06-01,49.1000,49.9000,48.5800,48.7100,38.3739,2150900,0.0000,1.0000
2010-05-28,51.2000,51.4500,49.4300,49.5200,39.0120,3086300,0.0000,1.0000
2010-05-27,50.6800,51.9800,50.4600,51.4700,40.5482,2586100,0.0000,1.0000
2010-05-26,50.0000,50.7400,49.2400,49.4300,38.9411,2663800,0.0000,1.0000
2010-05-25,47.0300,49.8900,47.0300,49.8400,39.2641,3498000,0.0000,1.0000
2010-05-24,50.7700,50.7900,48.8400,48.8700,38.5000,3025500,0.0000,1.0000
2010-05-21,47.7300,51.4600,47.3200,50.9900,40.1701,4011200,0.0000,1.0000
2010-05-20,50.5100,50.8300,48.9600,48.9700,38.5787,2823700,0.0000,1.0000
2010-05-19,51.7600,52.3300,50.6400,51.7900,40.8003,1997800,0.0000,1.0000
2010-05-18,53.5000,54.0100,51.7300,51.9800,40.9500,2202000,0.0000,1.0000
2010-05-17,52.5900,53.4700,51.8900,53.1200,41.8481,2010700,0.0000,1.0000
2010-05-14,53.2400,53.2400,51.9900,52.4700,41.3360,2448600,0.0000,1.0000
2010-05-13,54.7800,54.7800,53.6800,53.7400,42.3366,2138300,0.0000,1.0000
2010-05-12,54.3500,55.1000,54.1400,54.9800,43.3134,2242300,0.0000,1.0000
2010-05-11,54.2600,54.9800,53.6700,54.0400,42.5729,2975700,0.0000,1.0000
2010-05-10,55.1500,55.8900,54.1600,55.0400,43.3607,2614000,0.0000,1.0000
2010-05-07,53.4000,53.8100,52.0300,52.5100,41.3676,4105100,0.0000,1.0000
2010-05-06,56.3000,57.1400,49.5400,53.4500,42.1081,4050500,0.0000,1.0000
2010-05-05,56.7900,57.6000,56.3100,56.5800,44.5739,1698400,0.0000,1.0000
2010-05-04,57.8200,58.0000,57.0300,57.3100,45.1490,2538700,0.0000,1.0000
2010-05-03,57.7500,58.6900,57.5400,58.5800,46.1495,1344600,0.0000,1.0000
2010-04-30,58.9100,59.0500,57.4800,57.5400,45.3302,1461000,0.0000,1.0000
2010-04-29,57.0000,59.1100,56.8900,58.8900,46.3937,1715600,0.0000,1.0000
2010-04-28,56.5600,57.1850,56.3100,56.5100,44.5188,2083500,0.0000,1.0000
2010-04-27,57.3500,58.0400,56.0300,56.2600,44.3218,1899200,0.0000,1.0000
2010-04-26,58.9700,59.1300,57.5800,57.8100,45.5429,1485500,0.0000,1.0000
2010-04-23,58.5800,59.4400,58.1600,58.8800,46.3859,2247800,0.0000,1.0000
2010-04-22,57.9900,59.3000,57.1000,58.9800,46.4646,2230100,0.0000,1.0000
2010-04-21,58.4400,58.7800,57.4700,58.2100,45.8580,1382100,0.0000,1.0000
2010-04-20,57.8600,58.6400,57.4304,58.5000,46.0865,1522900,0.0000,1.0000
2010-04-19,57.0000,57.7500,56.7500,57.6500,45.4169,2150200,0.0000,1.0000
2010-04-16,58.3700,58.7300,56.4500,56.7200,44.6842,3128900,0.0000,1.0000
2010-04-15,58.4300,58.8700,58.1500,58.7000,46.2441,1949500,0.0000,1.0000
2010-04-14,57.0600,58.4900,57.0600,58.4800,46.0707,2166800,0.0000,1.0000
2010-04-13,56.1800,57.3100,56.1000,57.1600,45.0308,1323600,0.0000,1.0000
2010-04-12,56.6900,56.9400,56.1200,56.3900,44.4242,1631200,0.0000,1.0000
2010-04-09,55.7800,56.5900,55.5600,56.5200,44.5266,1680700,0.0000,1.0000
2010-04-08,55.2700,55.8100,55.1100,55.6700,43.8570,2967800,0.0000,1.0000
2010-04-07,56.0600,56.2300,55.3600,55.5400,43.7546,1632500,0.0000,1.0000
2010-04-06,55.8300,56.0500,55.4000,55.9300,44.0618,1665200,0.0000,1.0000
2010-04-05,55.5200,55.9600,55.5000,55.8600,44.0067,1713800,0.0000,1.0000
2010-04-01,55.5000,56.1300,55.4200,55.8700,44.0146,1222900,0.0000,1.0000
2010-03-31,54.8900,55.3900,54.5200,54.9700,43.3056,1435500,0.0000,1.0000
2010-03-30,55.4200,55.8200,54.8500,55.2100,43.4946,1009300,0.0000,1.0000
2010-03-29,55.4200,55.4900,54.9100,55.3600,43.6128,970700,0.0000,1.0000
2010-03-26,55.2200,55.7500,54.5200,55.0800,43.3922,1506800,0.0000,1.0000
2010-03-25,55.0500,56.2500,54.8400,55.2200,43.5025,1547300,0.0000,1.0000
2010-03-24,55.5500,55.7500,54.5200,55.0000,43.3292,1374500,0.0000,1.0000
2010-03-23,55.3700,55.9100,55.1800,55.8600,44.0067,1330500,0.0000,1.0000
2010-03-22,54.5900,55.5000,54.4100,55.4625,43.6935,837400,0.0000,1.0000
2010-03-19,55.5900,55.5900,54.4400,54.8100,43.1795,1518200,0.0000,1.0000
2010-03-18,55.4200,55.4200,54.8800,55.2200,43.5025,1055100,0.0000,1.0000
2010-03-17,53.9500,55.5100,53.9500,55.2500,43.5261,1956400,0.0000,1.0000
2010-03-16,53.6900,53.8900,53.2700,53.8500,42.4232,1334800,0.0000,1.0000
2010-03-15,53.1200,53.5300,52.7400,53.4500,42.1081,1265200,0.0000,1.0000
2010-03-12,53.4000,53.7300,52.8300,53.3300,42.0136,1320700,0.2700,1.0000
2010-03-11,53.0100,53.4000,52.7100,53.4000,41.8568,1083900,0.0000,1.0000
2010-03-10,53.5300,53.6500,53.1100,53.4400,41.8881,1710200,0.0000,1.0000
2010-03-09,53.3200,53.8100,52.8700,53.4900,41.9273,1167200,0.0000,1.0000
2010-03-08,53.8900,53.9500,53.2500,53.3600,41.8254,1316900,0.0000,1.0000
2010-03-05,52.6200,53.9900,52.6200,53.9800,42.3114,1754900,0.0000,1.0000
2010-03-04,51.5700,52.6100,51.5001,52.5600,41.1984,1699000,0.0000,1.0000
2010-03-03,51.4400,52.0600,51.2800,51.6400,40.4772,1403300,0.0000,1.0000
2010-03-02,51.1200,51.4800,51.0600,51.4000,40.2891,1466800,0.0000,1.0000
2010-03-01,50.6500,51.1700,50.5800,51.1000,40.0540,1047000,0.0000,1.0000
2010-02-26,50.5700,50.9700,49.8700,50.6900,39.7326,1529700,0.0000,1.0000
2010-02-25,50.1100,50.3900,49.5559,50.3200,39.4426,1076400,0.0000,1.0000
2010-02-24,49.9500,50.6900,49.6300,50.6300,39.6856,1379300,0.0000,1.0000
2010-02-23,49.9900,50.2800,49.4800,49.5950,38.8743,2207600,0.0000,1.0000
2010-02-22,50.2500,50.5600,49.6350,50.0400,39.2231,1469600,0.0000,1.0000
2010-02-19,49.6300,50.3100,49.4900,49.9500,39.1526,1647700,0.0000,1.0000
2010-02-18,49.9400,50.1500,49.2300,49.6000,38.8782,1739700,0.0000,1.0000
2010-02-17,50.4400,50.5900,49.5950,49.9200,39.1290,1504600,0.0000,1.0000
2010-02-16,49.4500,50.1800,48.9900,50.1800,39.3328,1242200,0.0000,1.0000
2010-02-12,48.6900,49.0800,48.2400,48.9400,38.3609,1829300,0.0000,1.0000
2010-02-11,48.9000,49.2100,48.4800,49.0100,38.4158,1402200,0.0000,1.0000
2010-02-10,48.5200,49.4700,48.5200,49.0700,38.4628,1454900,0.0000,1.0000
2010-02-09,48.7100,49.3900,47.8900,48.6900,38.1649,1844400,0.0000,1.0000
2010-02-08,49.1600,49.6900,48.1000,48.1300,37.7260,1735900,0.0000,1.0000
2010-02-05,48.3500,49.0900,47.4200,48.8700,38.3060,3487900,0.0000,1.0000
2010-02-04,49.8300,50.7100,48.2700,48.2700,37.8357,2274400,0.0000,1.0000
2010-02-03,50.8500,51.2700,50.4200,50.7000,39.7404,1475800,0.0000,1.0000
2010-02-02,51.1600,51.5900,50.6900,51.1700,40.1088,1741200,0.0000,1.0000
2010-02-01,49.7700,51.1400,49.3700,51.0300,39.9991,2245400,0.0000,1.0000
2010-01-29,51.0400,51.2000,49.1800,49.6200,38.8939,2663300,0.0000,1.0000
2010-01-28,53.6800,54.1200,48.8100,50.6000,39.6620,5056600,0.0000,1.0000
2010-01-27,51.6700,52.8100,51.1000,52.6300,41.2532,2050800,0.0000,1.0000
2010-01-26,51.5400,52.2700,50.9200,51.3700,40.2656,2311800,0.0000,1.0000
2010-01-25,51.0800,51.9686,50.8500,51.7000,40.5243,1562000,0.0000,1.0000
2010-01-22,51.7600,51.9800,50.4800,50.6400,39.6934,1826500,0.0000,1.0000
2010-01-21,53.4000,53.4300,51.7300,51.9200,40.6967,1979600,0.0000,1.0000
2010-01-20,53.9000,53.9000,52.8000,53.3600,41.8254,1474500,0.0000,1.0000
2010-01-19,53.5500,54.4500,53.3500,54.2900,42.5544,1194600,0.0000,1.0000
2010-01-15,54.8000,54.8900,53.5200,53.6000,42.0136,1657900,0.0000,1.0000
2010-01-14,54.9100,55.0600,54.1900,54.7900,42.9463,1191300,0.0000,1.0000
2010-01-13,54.4300,55.2800,54.1500,55.1300,43.2128,1477000,0.0000,1.0000
2010-01-12,53.9000,54.9900,53.7600,54.5900,42.7896,1606800,0.0000,1.0000
2010-01-11,54.0000,54.7900,53.9400,54.2800,42.5466,1099000,0.0000,1.0000
2010-01-08,53.9500,54.0181,53.2200,53.9000,42.2487,1344700,0.0000,1.0000
2010-01-07,54.1100,54.5389,53.5500,54.1100,42.4133,1048000,0.0000,1.0000
2010-01-06,54.9200,55.0750,53.9800,54.1500,42.4447,1517900,0.0000,1.0000
2010-01-05,54.0500,55.0300,53.6300,55.0100,43.1188,1569500,0.0000,1.0000
2010-01-04,53.7700,55.3399,53.1200,54.4000,42.6406,2330200,0.0000,1.0000
2009-12-31,53.7400,54.1600,53.2500,53.2500,41.7392,736000,0.0000,1.0000
2009-12-30,53.3600,53.8500,53.0300,53.7800,42.1546,911400,0.0000,1.0000
2009-12-29,53.6600,53.9400,53.2500,53.3500,41.8176,969400,0.0000,1.0000
2009-12-28,54.0600,54.4200,53.4200,53.6200,42.0292,680400,0.0000,1.0000
2009-12-24,53.5200,54.4600,53.5200,54.1600,42.4525,495700,0.0000,1.0000
2009-12-23,53.6400,53.7900,53.2150,53.5800,41.9979,1080200,0.0000,1.0000
2009-12-22,53.0800,53.5000,52.7300,53.3800,41.8411,1507700,0.0000,1.0000
2009-12-21,53.3600,53.6400,52.6700,52.8800,41.4492,2353900,0.0000,1.0000
2009-12-18,52.3100,53.3500,51.9400,53.2700,41.7549,3668000,0.0000,1.0000
2009-12-17,50.8600,52.2200,50.6600,51.7800,40.5870,2521000,0.0000,1.0000
2009-12-16,50.8100,52.2400,50.7100,51.7600,40.5713,3158000,0.0000,1.0000
2009-12-15,49.7200,50.1350,49.6200,50.0300,39.2153,2372200,0.0000,1.0000
2009-12-14,49.9000,50.2500,49.7000,49.9400,39.1447,2368500,0.0000,1.0000
2009-12-11,49.9400,50.2500,49.1600,50.0600,39.2388,2176000,0.2500,1.0000
2009-12-10,49.7800,50.2450,49.6400,49.9400,38.9502,3127700,0.0000,1.0000
2009-12-09,49.0900,49.2500,48.2700,48.4700,37.8037,1789200,0.0000,1.0000
2009-12-08,48.5000,49.3900,48.1700,49.1600,38.3418,1977300,0.0000,1.0000
2009-12-07,49.6600,49.6800,48.3300,48.6000,37.9051,1860900,0.0000,1.0000
2009-12-04,50.2300,50.5700,48.8100,49.7300,38.7864,2331500,0.0000,1.0000
2009-12-03,49.4900,50.1000,49.3300,49.4100,38.5368,2721200,0.0000,1.0000
2009-12-02,48.7000,49.7800,48.4000,49.3900,38.5212,1677600,0.0000,1.0000
2009-12-01,49.3600,49.3700,48.4900,48.6100,37.9129,2337000,0.0000,1.0000
2009-11-30,47.3600,49.0000,47.1100,48.9300,38.1625,2392900,0.0000,1.0000
2009-11-27,47.6400,48.2500,47.0800,47.3700,36.9458,929200,0.0000,1.0000
2009-11-25,49.2200,49.5600,48.9400,49.0900,38.2873,951500,0.0000,1.0000
2009-11-24,49.3000,49.6400,48.8000,49.1800,38.3574,1796100,0.0000,1.0000
2009-11-23,48.8800,49.8300,48.8800,49.4800,38.5914,1607400,0.0000,1.0000
2009-11-20,49.2200,49.2200,48.2100,48.7100,37.9909,1236000,0.0000,1.0000
2009-11-19,49.9600,49.9900,48.7200,49.2500,38.4120,1350000,0.0000,1.0000
2009-11-18,50.6000,50.6200,49.5700,50.1800,39.1374,877600,0.0000,1.0000
2009-11-17,50.5200,51.2200,50.2100,50.6700,39.5196,1222600,0.0000,1.0000
2009-11-16,50.9200,51.7400,50.6400,50.9100,39.7067,2430900,0.0000,1.0000
2009-11-13,51.2000,51.2700,50.3000,50.7400,39.5742,1458200,0.0000,1.0000
2009-11-12,51.5500,51.9000,50.9200,51.0300,39.8003,1648500,0.0000,1.0000
2009-11-11,52.4100,52.6200,51.2100,51.5100,40.1747,2992000,0.0000,1.0000
2009-11-10,50.3600,51.2600,50.3200,50.5800,39.4494,2809600,0.0000,1.0000
2009-11-09,50.3100,51.0300,50.2100,50.9900,39.7691,2871000,0.0000,1.0000
2009-11-06,49.2100,50.2500,49.1000,49.9800,38.9814,1466100,0.0000,1.0000
2009-11-05,49.6900,50.1200,49.3100,50.0900,39.0672,3293500,0.0000,1.0000
2009-11-04,49.3200,49.7100,48.6200,49.0100,38.2249,2811000,0.0000,1.0000
2009-11-03,48.8800,49.2600,48.2100,48.9300,38.1625,1838400,0.0000,1.0000
2009-11-02,48.9900,49.9500,47.8500,49.1500,38.3340,2500500,0.0000,1.0000
2009-10-30,50.5400,50.8700,48.4600,48.7300,38.0065,3511600,0.0000,1.0000
2009-10-29,50.3500,51.0000,50.0100,50.8600,39.6677,3604100,0.0000,1.0000
2009-10-28,51.8500,52.1000,49.8600,49.8700,38.8956,3365300,0.0000,1.0000
2009-10-27,53.6100,53.9900,51.8900,51.9400,40.5101,2963300,0.0000,1.0000
2009-10-26,53.8850,54.6800,53.2600,53.6500,41.8438,3708900,0.0000,1.0000
2009-10-23,50.8900,55.4800,50.2100,54.2700,42.3273,8883500,0.0000,1.0000
2009-10-22,47.5400,49.2200,47.2300,49.1100,38.3029,3364500,0.0000,1.0000
2009-10-21,47.6700,48.5800,47.0500,47.6700,37.1797,2507400,0.0000,1.0000
2009-10-20,47.4500,47.9900,47.2000,47.7100,37.2109,2136600,0.0000,1.0000
2009-10-19,47.9000,48.2700,47.1400,47.8100,37.2889,2759500,0.0000,1.0000
2009-10-16,47.4100,47.9400,47.1500,47.6200,37.1407,2765100,0.0000,1.0000
2009-10-15,46.7000,48.3100,46.5600,48.1600,37.5619,3724500,0.0000,1.0000
2009-10-14,45.3300,47.1050,45.2200,46.9000,36.5792,3559900,0.0000,1.0000
2009-10-13,44.4800,44.5000,43.9400,44.4100,34.6371,2459300,0.0000,1.0000
2009-10-12,45.0600,45.3000,44.2800,44.4900,34.6995,1585900,0.0000,1.0000
2009-10-09,44.2900,44.9300,44.0700,44.8300,34.9647,1798000,0.0000,1.0000
2009-10-08,44.9400,45.1100,44.0400,44.2500,34.5123,2360800,0.0000,1.0000
2009-10-07,44.7400,44.9500,44.1800,44.4900,34.6995,1976300,0.0000,1.0000
2009-10-06,44.9100,45.4600,44.4400,45.0200,35.1129,1404000,0.0000,1.0000
2009-10-05,43.5900,44.5800,43.1200,44.5800,34.7697,2423600,0.0000,1.0000
2009-10-02,43.4000,44.2200,43.0500,43.1800,33.6778,2199200,0.0000,1.0000
2009-10-01,45.1400,45.8000,43.9400,43.9800,34.3018,2367000,0.0000,1.0000
2009-09-30,46.1100,46.5000,45.0600,45.7000,35.6433,1724000,0.0000,1.0000
2009-09-29,46.3100,46.8000,45.7800,45.9600,35.8460,1503600,0.0000,1.0000
2009-09-28,44.4700,46.3200,44.1100,46.2500,36.0722,2075200,0.0000,1.0000
2009-09-25,45.3700,45.3700,44.0200,44.1000,34.3954,1977800,0.0000,1.0000
2009-09-24,47.5300,47.7300,44.8800,45.3300,35.3547,2444200,0.0000,1.0000
2009-09-23,47.2500,47.8480,47.0601,47.1600,36.7820,7163700,0.0000,1.0000
2009-09-22,46.2000,47.3700,45.8200,47.1800,36.7976,1941700,0.0000,1.0000
2009-09-21,46.0400,46.6400,45.6500,45.7600,35.6901,1420300,0.0000,1.0000
2009-09-18,45.7100,46.7700,45.7100,46.5200,36.2828,1933200,0.0000,1.0000
2009-09-17,46.0000,46.7800,45.6600,46.1000,35.9552,1958000,0.0000,1.0000
2009-09-16,44.6500,46.2200,44.6300,46.0700,35.9318,3158700,0.0000,1.0000
2009-09-15,45.1700,45.2000,44.3000,44.7000,34.8633,2076300,0.0000,1.0000
2009-09-14,43.4100,44.9500,42.8900,44.7600,34.9101,2811500,0.0000,1.0000
2009-09-11,45.2600,45.2700,43.7800,43.9300,34.2628,2753900,0.0000,1.0000
2009-09-10,45.1200,45.3000,44.2900,45.1500,35.2143,1817300,0.2500,1.0000
2009-09-09,44.8500,45.5890,44.3900,45.4300,35.2376,1469100,0.0000,1.0000
2009-09-08,44.2500,44.9800,44.2100,44.9700,34.8808,1786400,0.0000,1.0000
2009-09-04,43.8000,44.4000,42.9700,44.2100,34.2913,2049100,0.0000,1.0000
2009-09-03,42.7800,43.8200,42.7800,43.5700,33.7949,1991400,0.0000,1.0000
2009-09-02,42.8900,43.7100,42.5300,42.8900,33.2674,2217100,0.0000,1.0000
2009-09-01,45.2000,46.0300,43.0800,43.1400,33.4613,2987400,0.0000,1.0000
2009-08-31,45.2900,45.4800,44.6700,45.3000,35.1367,1677800,0.0000,1.0000
2009-08-28,45.7200,46.4400,45.2300,45.7300,35.4703,1252600,0.0000,1.0000
2009-08-27,45.7200,46.1100,45.1100,45.5900,35.3617,1536500,0.0000,1.0000
2009-08-26,45.6400,46.3600,45.5003,45.9900,35.6719,1494000,0.0000,1.0000
2009-08-25,46.6100,46.8800,46.1100,46.3600,35.9589,1883000,0.0000,1.0000
2009-08-24,46.9000,47.2100,45.9100,45.9800,35.6642,1681400,0.0000,1.0000
2009-08-21,46.5100,46.9600,45.0100,46.6400,36.1761,1916700,0.0000,1.0000
2009-08-20,44.8400,45.6000,44.4700,45.5800,35.3539,1318100,0.0000,1.0000
2009-08-19,44.3400,44.9300,43.7200,44.7700,34.7256,1369800,0.0000,1.0000
2009-08-18,43.7600,44.9000,43.7600,44.7300,34.6946,1347700,0.0000,1.0000
2009-08-17,44.7500,44.9300,43.7700,43.9200,34.0663,1991300,0.0000,1.0000
2009-08-14,46.3400,46.5100,45.2500,45.7500,35.4858,1572200,0.0000,1.0000
2009-08-13,47.2300,47.6200,45.9400,46.4600,36.0365,2158400,0.0000,1.0000
2009-08-12,46.3300,47.5000,46.0400,46.9900,36.4476,2005700,0.0000,1.0000
2009-08-11,47.2500,47.8400,46.2600,46.3800,35.9744,1941100,0.0000,1.0000
2009-08-10,48.2800,48.5800,46.9500,47.2800,36.6725,1668900,0.0000,1.0000
2009-08-07,47.1800,49.1500,47.0600,48.6900,37.7662,2096600,0.0000,1.0000
2009-08-06,48.3000,48.3400,46.8800,47.0400,36.4863,2195200,0.0000,1.0000
2009-08-05,47.5000,47.9800,46.6400,47.7600,37.0448,2746100,0.0000,1.0000
2009-08-04,47.1900,48.0099,46.4900,47.5000,36.8431,2274600,0.0000,1.0000
2009-08-03,47.4700,48.1000,46.6700,47.1400,36.5639,2129100,0.0000,1.0000
2009-07-31,46.8100,47.0700,46.3700,46.7100,36.2304,2498100,0.0000,1.0000
2009-07-30,46.7500,48.4700,45.9700,46.7400,36.2537,3351500,0.0000,1.0000
2009-07-29,45.1700,46.4800,45.1700,46.2700,35.8891,1842100,0.0000,1.0000
2009-07-28,46.0800,46.6500,45.4500,45.9800,35.6642,2591700,0.0000,1.0000
2009-07-27,45.9700,46.5000,45.2300,46.4200,36.0054,2183100,0.0000,1.0000
2009-07-24,46.2500,46.7500,44.2000,45.4500,35.2531,2968100,0.0000,1.0000
2009-07-23,43.5300,46.5000,43.0500,46.2600,35.8813,3923000,0.0000,1.0000
2009-07-22,43.1800,44.0700,42.3600,43.6900,33.8879,2282500,0.0000,1.0000
2009-07-21,43.5900,43.8000,42.7350,43.2700,33.5622,2212300,0.0000,1.0000
2009-07-20,41.9800,43.3000,41.9300,43.1300,33.4536,2456400,0.0000,1.0000
2009-07-17,41.6400,42.0900,40.8900,41.6800,32.3289,2360000,0.0000,1.0000
2009-07-16,41.6300,41.8800,40.6300,41.6900,32.3366,2566500,0.0000,1.0000
2009-07-15,40.9600,42.1700,40.7500,41.8800,32.4840,4040600,0.0000,1.0000
2009-07-14,39.8100,40.6500,39.1800,40.4600,31.3826,2997100,0.0000,1.0000
2009-07-13,37.7800,39.8200,37.4800,39.6000,30.7155,3611500,0.0000,1.0000
2009-07-10,37.3000,38.1600,37.0000,37.5100,29.0944,3221100,0.0000,1.0000
2009-07-09,37.7000,38.3400,37.4200,37.5900,29.1565,2889300,0.0000,1.0000
2009-07-08,38.3400,38.8200,36.6700,37.3000,28.9316,5191500,0.0000,1.0000
2009-07-07,39.7100,39.9900,38.0000,38.1000,29.5521,3036700,0.0000,1.0000
2009-07-06,40.4900,40.4900,38.9000,39.9100,30.9560,3231400,0.0000,1.0000
2009-07-02,40.4800,40.8300,39.4000,39.5000,30.6380,2931100,0.0000,1.0000
2009-07-01,41.9700,42.3500,41.1300,41.3100,32.0419,2464100,0.0000,1.0000
2009-06-30,41.5100,41.9900,41.1700,41.6700,32.3211,3090800,0.0000,1.0000
2009-06-29,41.8700,42.0800,41.3800,41.8600,32.4685,1899000,0.0000,1.0000
2009-06-26,41.4000,42.1600,41.0550,41.8700,32.4763,2242100,0.0000,1.0000
2009-06-25,40.8200,41.8900,40.2900,41.6800,32.3289,3085100,0.0000,1.0000
2009-06-24,40.9400,41.7700,40.4100,40.9000,31.7239,3404000,0.0000,1.0000
2009-06-23,39.1201,41.4000,39.1200,40.4900,31.4059,5308900,0.0000,1.0000
2009-06-22,42.1200,42.1200,39.0000,39.1400,30.3587,3803800,0.0000,1.0000
2009-06-19,41.7500,42.3100,41.3300,42.2800,32.7943,3129900,0.0000,1.0000
2009-06-18,41.0500,41.7300,40.6000,41.2600,32.0031,2338300,0.0000,1.0000
2009-06-17,40.5000,41.7500,40.5000,40.8200,31.6618,2990900,0.0000,1.0000
2009-06-16,40.9500,42.1500,40.9500,41.2100,31.9643,2630800,0.0000,1.0000
2009-06-15,42.3900,42.6700,41.8100,41.9700,32.5538,3188500,0.0000,1.0000
2009-06-12,43.2100,43.2500,42.3700,43.1600,33.4768,1901000,0.0000,1.0000
2009-06-11,43.7200,44.3500,43.3100,43.3900,33.6552,2515600,0.2500,1.0000
2009-06-10,44.6800,44.9000,42.6900,43.9100,33.8635,3250200,0.0000,1.0000
2009-06-09,43.2700,44.7700,42.8000,44.6800,34.4573,4150500,0.0000,1.0000
2009-06-08,41.6700,42.9100,41.2500,42.5400,32.8069,2513800,0.0000,1.0000
2009-06-05,43.2400,43.2900,41.6400,42.0700,32.4445,3409600,0.0000,1.0000
2009-06-04,42.0600,42.8600,41.8300,42.7700,32.9843,3864600,0.0000,1.0000
2009-06-03,42.2500,43.1200,41.5400,42.6500,32.8918,4594700,0.0000,1.0000
2009-06-02,41.6600,42.5300,41.0200,41.9500,32.3519,4240500,0.0000,1.0000
2009-06-01,41.2700,42.7500,41.0000,41.4100,31.9355,3887300,0.0000,1.0000
2009-05-29,39.7100,40.7400,38.9800,40.5700,31.2877,3000800,0.0000,1.0000
2009-05-28,38.4800,39.7400,37.9100,39.5300,30.4856,3513200,0.0000,1.0000
2009-05-27,39.8200,39.9100,37.5100,37.6800,29.0589,3320000,0.0000,1.0000
2009-05-26,37.9000,40.0000,37.6900,39.9900,30.8404,3653000,0.0000,1.0000
2009-05-22,37.7600,38.9400,37.2700,38.1500,29.4213,2520300,0.0000,1.0000
2009-05-21,37.3700,38.0800,36.9700,37.6600,29.0435,4301500,0.0000,1.0000
2009-05-20,39.5300,40.1300,37.9000,38.2100,29.4676,3405500,0.0000,1.0000
2009-05-19,39.4500,40.0700,38.7700,38.8900,29.9920,2868300,0.0000,1.0000
2009-05-18,37.7800,40.1200,37.6900,40.0600,30.8943,3640000,0.0000,1.0000
2009-05-15,37.2600,37.5900,36.6700,36.9500,28.4959,3417500,0.0000,1.0000
2009-05-14,36.3100,37.6500,36.1000,37.3200,28.7812,3614400,0.0000,1.0000
2009-05-13,38.0600,38.6300,36.4100,36.6300,28.2491,4023800,0.0000,1.0000
2009-05-12,38.6200,39.8300,37.5000,39.0000,30.0769,4313500,0.0000,1.0000
2009-05-11,39.5300,39.8300,37.9300,37.9700,29.2825,4475500,0.0000,1.0000
2009-05-08,39.1600,40.9400,38.5500,40.9400,31.5730,4627600,0.0000,1.0000
2009-05-07,41.3650,41.7800,38.1900,38.5500,29.7298,5386500,0.0000,1.0000
2009-05-06,40.7000,41.2100,39.8000,41.0000,31.6193,4568700,0.0000,1.0000
2009-05-05,40.4900,41.1700,40.2200,40.6400,31.3416,4232700,0.0000,1.0000
2009-05-04,39.0300,41.6700,38.2800,41.2800,31.8352,4831000,0.0000,1.0000
2009-05-01,38.1300,38.9900,38.0300,38.4300,29.6373,2418200,0.0000,1.0000
2009-04-30,39.7100,40.0900,38.2400,38.5200,29.7067,4418700,0.0000,1.0000
2009-04-29,37.5100,39.2100,37.3600,39.0600,30.1231,4067000,0.0000,1.0000
2009-04-28,37.8000,38.1300,37.0300,37.3900,28.8352,3166800,0.0000,1.0000
2009-04-27,38.2100,39.2200,37.9000,38.7200,29.8609,5979200,0.0000,1.0000
2009-04-24,38.2000,39.9200,37.4100,39.2100,30.2388,5846800,0.0000,1.0000
2009-04-23,37.1500,38.9700,36.6500,38.6600,29.8147,5119600,0.0000,1.0000
2009-04-22,36.8800,38.4600,36.3000,36.5200,28.1643,7320900,0.0000,1.0000
2009-04-21,32.3100,36.2700,32.0400,36.2400,27.9483,5292800,0.0000,1.0000
2009-04-20,34.5050,35.0000,32.8700,32.8800,25.3571,5668600,0.0000,1.0000
2009-04-17,34.8200,36.1900,34.1400,35.5600,27.4239,4553500,0.0000,1.0000
2009-04-16,34.2100,35.2800,33.3900,34.8400,26.8687,3579400,0.0000,1.0000
2009-04-15,32.8700,34.2800,31.8900,33.9900,26.2131,3464600,0.0000,1.0000
2009-04-14,33.9900,34.5300,32.3600,32.4800,25.0486,4834000,0.0000,1.0000
2009-04-13,32.6900,34.2900,32.3700,34.0400,26.2517,4822700,0.0000,1.0000
2009-04-09,30.5500,33.6900,30.1500,33.6500,25.9509,7783800,0.0000,1.0000
2009-04-08,29.0800,29.9950,28.8408,29.4900,22.7427,4306100,0.0000,1.0000
2009-04-07,30.1500,30.4799,28.8100,28.8700,22.2646,4412100,0.0000,1.0000
2009-04-06,31.6550,31.9000,30.7300,31.1600,24.0306,3248700,0.0000,1.0000
2009-04-03,31.0000,32.2500,29.9300,32.2400,24.8635,4501900,0.0000,1.0000
2009-04-02,29.9300,31.3700,29.4300,30.8400,23.7839,6131600,0.0000,1.0000
2009-04-01,28.0300,29.3500,27.4700,29.0400,22.3957,4651600,0.0000,1.0000
2009-03-31,27.8600,29.2000,27.4200,28.8600,22.2569,5782600,0.0000,1.0000
2009-03-30,28.0600,28.8000,27.2600,27.3700,21.1078,4466700,0.0000,1.0000
2009-03-27,29.2450,30.4200,29.0800,29.1200,22.4574,4150000,0.0000,1.0000
2009-03-26,28.3650,30.2900,28.2100,30.0300,23.1592,6437900,0.0000,1.0000
2009-03-25,27.5000,28.7100,26.6400,28.2000,21.7479,6532800,0.0000,1.0000
2009-03-24,28.7000,28.8900,26.5900,26.7000,20.5911,4998800,0.0000,1.0000
2009-03-23,25.8000,29.7000,25.7700,29.4000,22.6733,6079800,0.0000,1.0000
2009-03-20,25.7200,26.1400,24.5200,24.8800,19.1875,4983400,0.0000,1.0000
2009-03-19,29.0300,29.2700,25.3300,25.3500,19.5500,6117700,0.0000,1.0000
2009-03-18,26.0000,28.5500,25.4100,28.4000,21.9021,6060900,0.0000,1.0000
2009-03-17,25.1400,26.7900,24.6400,26.3300,20.3057,4146600,0.0000,1.0000
2009-03-16,26.8400,27.2500,24.8900,24.9300,19.2261,4135100,0.0000,1.0000
2009-03-13,26.4400,26.5800,24.4000,26.4500,20.3983,4829300,0.0000,1.0000
2009-03-12,24.9900,26.5100,24.2200,26.4000,20.3597,6610600,0.2500,1.0000
2009-03-11,24.6200,25.3700,23.6800,25.0400,19.1297,7217200,0.0000,1.0000
2009-03-10,21.4600,24.6700,21.3000,24.6700,18.8471,8757700,0.0000,1.0000
2009-03-09,20.7800,21.5000,20.5100,21.1700,16.1732,4466700,0.0000,1.0000
2009-03-06,21.6500,21.6900,20.0900,21.0700,16.0968,7417500,0.0000,1.0000
2009-03-05,21.7900,22.0000,20.6800,21.0100,16.0509,10298700,0.0000,1.0000
2009-03-04,22.1300,22.9100,21.1300,22.2700,17.0135,5822100,0.0000,1.0000
2009-03-03,21.9800,22.2100,21.1900,21.3900,16.3413,5044300,0.0000,1.0000
2009-03-02,22.5500,23.4100,21.5300,21.6900,16.5704,7574300,0.0000,1.0000
2009-02-27,23.2100,23.7900,22.7400,22.7400,17.3726,4443100,0.0000,1.0000
2009-02-26,24.3800,24.7400,23.4400,23.6900,18.0984,3622000,0.0000,1.0000
2009-02-25,24.4100,25.1100,23.4600,24.3000,18.5644,4426000,0.0000,1.0000
2009-02-24,23.0900,25.0000,22.7000,25.0000,19.0992,4915900,0.0000,1.0000
2009-02-23,24.1000,25.1900,22.5900,22.6600,17.3115,5708900,0.0000,1.0000
2009-02-20,23.2800,24.9200,23.2500,24.4000,18.6408,5172500,0.0000,1.0000
2009-02-19,25.7600,25.8500,24.1800,24.1800,18.4727,3779700,0.0000,1.0000
2009-02-18,25.2800,25.5300,24.3300,25.2100,19.2596,3511900,0.0000,1.0000
2009-02-17,25.4100,25.7600,24.8800,24.9100,19.0304,5002800,0.0000,1.0000
2009-02-13,27.1300,27.8600,26.5100,26.6800,20.3826,3137700,0.0000,1.0000
2009-02-12,26.5800,27.5700,26.1000,27.4700,20.9862,4418900,0.0000,1.0000
2009-02-11,26.5400,27.3600,26.2600,27.3400,20.8869,3180300,0.0000,1.0000
2009-02-10,28.5000,29.0700,26.2800,26.4200,20.1840,5852500,0.0000,1.0000
2009-02-09,28.8400,29.2400,28.1500,29.0700,22.2085,4947400,0.0000,1.0000
2009-02-06,27.2500,28.8800,27.0100,28.8200,22.0175,4433400,0.0000,1.0000
2009-02-05,26.3600,27.5600,26.0900,26.9300,20.5736,4884900,0.0000,1.0000
2009-02-04,27.1100,27.7200,26.4900,26.8500,20.5125,3787700,0.0000,1.0000
2009-02-03,27.7500,27.7500,25.9600,26.5700,20.2986,5900700,0.0000,1.0000
2009-02-02,27.1875,27.7000,26.4500,27.5600,21.0549,4568000,0.0000,1.0000
2009-01-30,28.4500,29.6500,27.3400,27.5800,21.0702,5409700,0.0000,1.0000
2009-01-29,31.7500,32.1100,29.8500,29.8500,22.8044,6125000,0.0000,1.0000
2009-01-28,30.7500,33.5000,30.5500,33.4000,25.5165,5945100,0.0000,1.0000
2009-01-27,29.4300,30.0000,28.5100,29.7300,22.7127,2889400,0.0000,1.0000
2009-01-26,30.5300,31.0999,28.7100,29.2300,22.3308,4952000,0.0000,1.0000
2009-01-23,27.0400,30.1300,26.8900,29.9400,22.8732,4877500,0.0000,1.0000
2009-01-22,28.9200,29.5500,27.3800,28.1600,21.5133,4710900,0.0000,1.0000
2009-01-21,29.4100,29.7600,26.6800,29.6500,22.6516,6328100,0.0000,1.0000
2009-01-20,29.0000,29.6700,26.9100,26.9700,20.6042,6834200,0.0000,1.0000
2009-01-16,29.3900,30.3500,28.1500,29.2900,22.3766,6659500,0.0000,1.0000
2009-01-15,29.0900,29.5000,27.1800,28.3900,21.6890,7298800,0.0000,1.0000
2009-01-14,30.9000,30.9000,28.9700,29.0400,22.1856,4215400,0.0000,1.0000
2009-01-13,30.4900,31.8600,30.0200,31.0700,23.7365,3492700,0.0000,1.0000
2009-01-12,31.8100,32.4400,30.4400,30.7600,23.4996,2640000,0.0000,1.0000
2009-01-09,33.3800,33.7000,31.6200,31.8100,24.3018,3420700,0.0000,1.0000
2009-01-08,34.6300,34.6300,33.1300,34.0100,25.9825,2885600,0.0000,1.0000
2009-01-07,36.0000,36.0000,34.0300,34.0900,26.0436,2211900,0.0000,1.0000
2009-01-06,37.3700,37.9100,35.6200,36.5000,27.8848,3964900,0.0000,1.0000
2009-01-05,36.0000,37.7500,35.2700,37.0100,28.2744,3565500,0.0000,1.0000
2009-01-02,35.4300,36.7400,33.7700,36.4000,27.8084,2238900,0.0000,1.0000
2008-12-31,33.8500,35.8300,33.7200,35.4400,27.0750,3071400,0.0000,1.0000
2008-12-30,31.1000,33.4200,31.0600,33.4200,25.5318,1968500,0.0000,1.0000
2008-12-29,31.6700,32.3200,30.5500,31.2800,23.8969,1688200,0.0000,1.0000
2008-12-26,33.1500,33.1500,31.3400,32.0600,24.4928,759900,0.0000,1.0000
2008-12-24,32.0800,32.3300,31.5100,32.3300,24.6991,621400,0.0000,1.0000
2008-12-23,33.1700,33.4800,31.4600,31.5900,24.1337,1673200,0.0000,1.0000
2008-12-22,33.4200,33.5300,32.0600,32.4100,24.7602,2449400,0.0000,1.0000
2008-12-19,33.8600,33.9300,32.3700,33.2700,25.4172,2493200,0.0000,1.0000
2008-12-18,33.6400,34.3200,32.2200,32.3900,24.7449,3039600,0.0000,1.0000
2008-12-17,32.7200,34.6100,32.7200,33.6800,25.7304,3817900,0.0000,1.0000
2008-12-16,31.5600,33.8500,31.3900,33.8200,25.8374,4220600,0.2400,1.0000
2008-12-15,31.4900,32.5600,30.5800,31.2600,23.7133,2397000,0.0000,1.0000
2008-12-12,30.3400,32.0300,30.0100,31.4300,23.8423,4690400,0.0000,1.0000
2008-12-11,33.0600,35.1300,31.6900,31.7900,24.1154,2875300,0.0000,1.0000
2008-12-10,34.6600,35.2500,33.1000,34.4400,26.1256,2923500,0.0000,1.0000
2008-12-09,34.3700,36.1100,33.2700,34.1300,25.8905,4328200,0.0000,1.0000
2008-12-08,36.3900,37.0700,34.8800,36.6400,27.7945,3709200,0.0000,1.0000
2008-12-05,31.1200,34.8200,29.6300,34.8100,26.4063,5200400,0.0000,1.0000
2008-12-04,30.5000,33.8100,30.0500,31.5000,23.8954,4283800,0.0000,1.0000
2008-12-03,28.5900,31.3000,27.6200,31.1800,23.6526,4078700,0.0000,1.0000
2008-12-02,29.2000,29.9800,27.7500,29.7100,22.5375,3512700,0.0000,1.0000
2008-12-01,32.9900,33.3700,28.3430,28.3500,21.5059,2839200,0.0000,1.0000
2008-11-28,33.2100,34.2700,33.0500,34.2100,25.9512,1364900,0.0000,1.0000
2008-11-26,29.1700,33.2225,28.0000,33.1500,25.1471,3494900,0.0000,1.0000
2008-11-25,31.2500,31.9500,28.5500,30.0300,22.7803,3088400,0.0000,1.0000
2008-11-24,27.7400,30.8100,27.3000,30.4400,23.0913,5621000,0.0000,1.0000
2008-11-21,26.8900,28.0000,24.2600,27.8200,21.1038,8455000,0.0000,1.0000
2008-11-20,25.0000,28.3700,24.8480,25.1300,19.0632,8112000,0.0000,1.0000
2008-11-19,29.0200,29.2000,26.2200,26.4000,20.0266,6194000,0.0000,1.0000
2008-11-18,29.3300,30.0800,27.7100,29.2300,22.1734,4960100,0.0000,1.0000
2008-11-17,30.9200,31.5600,28.9600,28.9600,21.9686,4388300,0.0000,1.0000
2008-11-14,31.8100,34.0300,31.3000,31.5100,23.9030,2722500,0.0000,1.0000
2008-11-13,32.1900,32.6700,28.5900,32.5900,24.7223,7306400,0.0000,1.0000
2008-11-12,32.6000,33.5600,31.8600,31.8700,24.1761,2655000,0.0000,1.0000
2008-11-11,34.9400,34.9400,32.5000,33.0600,25.0788,3087700,0.0000,1.0000
2008-11-10,36.5400,37.2400,34.8400,35.3500,26.8159,2711000,0.0000,1.0000
2008-11-07,36.1100,37.5550,35.0400,36.3300,27.5594,2259200,0.0000,1.0000
2008-11-06,38.7500,38.7500,34.8800,35.2900,26.7704,4202100,0.0000,1.0000
2008-11-05,41.4000,42.3400,37.3000,38.0000,28.8262,3301900,0.0000,1.0000
2008-11-04,40.1900,42.0000,39.1800,41.9800,31.8454,3573000,0.0000,1.0000
2008-11-03,39.3300,40.2900,38.7200,39.2300,29.7592,4131100,0.0000,1.0000
2008-10-31,38.4700,39.9900,37.0700,39.5400,29.9944,3715900,0.0000,1.0000
2008-10-30,39.7000,39.9900,37.3700,38.7600,29.4027,4056100,0.0000,1.0000
2008-10-29,36.5500,39.4500,35.5400,37.5600,28.4924,4750500,0.0000,1.0000
2008-10-28,33.0100,36.8100,31.2500,36.7500,27.8780,6801800,0.0000,1.0000
2008-10-27,30.9200,33.6900,30.9000,32.0000,24.2747,4881300,0.0000,1.0000
2008-10-24,27.6100,32.8000,26.6400,31.4700,23.8726,7319400,0.0000,1.0000
2008-10-23,32.3000,34.2100,27.5000,30.9600,23.4858,6930600,0.0000,1.0000
2008-10-22,35.0100,35.8200,31.8900,32.7500,24.8436,7150900,0.0000,1.0000
2008-10-21,39.1400,39.7500,36.3000,36.8200,27.9311,4236400,0.0000,1.0000
2008-10-20,40.0000,41.1400,38.6400,40.1300,30.4420,3137100,0.0000,1.0000
2008-10-17,38.2100,41.9200,38.1300,39.4700,29.9413,3197000,0.0000,1.0000
2008-10-16,37.3800,40.4500,34.3100,40.0100,30.3509,5161000,0.0000,1.0000
2008-10-15,42.8500,43.4200,36.5000,36.7500,27.8780,4823300,0.0000,1.0000
2008-10-14,46.1000,47.2000,41.6300,43.5300,33.0212,4870300,0.0000,1.0000
2008-10-13,42.8300,44.8800,40.6000,44.2000,33.5294,4018800,0.0000,1.0000
2008-10-10,37.2400,40.8700,35.2500,39.9900,30.3358,7742200,0.0000,1.0000
2008-10-09,47.5400,47.5400,38.5800,40.0000,30.3434,5968800,0.0000,1.0000
2008-10-08,45.0000,51.1500,44.0123,46.0500,34.9328,2519900,0.0000,1.0000
2008-10-07,52.0580,52.4900,46.3000,46.9800,35.6383,2527800,0.0000,1.0000
2008-10-06,49.4700,52.7500,44.6700,52.1800,39.5829,2749400,0.0000,1.0000
2008-10-03,54.2400,56.4900,49.7900,49.8800,37.8382,1969100,0.0000,1.0000
2008-10-02,55.5700,58.0000,50.2600,50.9200,38.6271,2127300,0.0000,1.0000
2008-10-01,53.6800,56.5000,52.5800,55.5400,42.1318,1566600,0.0000,1.0000
2008-09-30,52.0000,58.0000,50.5100,53.7100,40.7435,2234700,0.0000,1.0000
2008-09-29,60.9100,61.0000,49.9989,50.0000,37.9292,3454900,0.0000,1.0000
2008-09-26,56.4500,61.2200,56.0300,60.9300,46.2205,1789500,0.0000,1.0000
2008-09-25,60.0000,60.1000,57.3000,57.9900,43.9903,1862800,0.0000,1.0000
2008-09-24,56.7600,59.9400,56.0400,58.7000,44.5289,1496400,0.0000,1.0000
2008-09-23,56.8000,58.0000,55.5000,55.7500,42.2911,2228400,0.0000,1.0000
2008-09-22,63.9100,65.0000,56.0700,57.9100,43.9296,3302300,0.0000,1.0000
2008-09-19,68.2500,70.2000,60.5600,65.0100,49.3155,3075736,0.0000,1.0000
2008-09-18,54.3500,60.3800,49.7700,59.2600,44.9537,8982600,0.0000,1.0000
2008-09-17,57.0000,57.0200,52.0800,53.4700,40.5615,7554300,0.0000,1.0000
2008-09-16,52.6700,58.8300,52.4100,58.2900,44.2179,7911800,0.0000,1.0000
2008-09-15,55.1900,56.8800,53.7800,53.9800,40.9484,6254100,0.0000,1.0000
2008-09-12,58.6600,58.6600,56.8700,57.4400,43.5731,3540600,0.0000,1.0000
2008-09-11,56.2400,58.2000,55.4200,58.0800,44.0586,4934200,0.2400,1.0000
2008-09-10,58.0900,59.7100,56.2500,58.1500,43.9301,3374600,0.0000,1.0000
2008-09-09,61.2100,61.9800,57.8600,58.0900,43.8848,4038200,0.0000,1.0000
2008-09-08,61.0000,63.9900,59.7800,61.9000,46.7631,4914200,0.0000,1.0000
2008-09-05,56.9000,58.4700,55.2500,58.3600,44.0888,3311500,0.0000,1.0000
2008-09-04,59.0600,59.8900,57.0400,57.0800,43.1218,2393500,0.0000,1.0000
2008-09-03,59.6120,60.0200,58.4900,59.8800,45.2371,1635900,0.0000,1.0000
2008-09-02,61.1900,61.4700,58.4300,59.2900,44.7914,3125300,0.0000,1.0000
2008-08-29,59.5000,59.8280,58.5000,59.3600,44.8442,2140800,0.0000,1.0000
2008-08-28,56.9400,60.0000,56.9400,60.0000,45.3277,1814400,0.0000,1.0000
2008-08-27,56.5200,58.1800,56.4100,57.8000,43.6657,1641200,0.0000,1.0000
2008-08-26,57.0900,57.2800,56.1300,57.1200,43.1520,1722400,0.0000,1.0000
2008-08-25,58.8800,58.8800,56.6500,57.0400,43.0916,2045200,0.0000,1.0000
2008-08-22,59.0900,59.7400,57.8600,58.9800,44.5572,2413300,0.0000,1.0000
2008-08-21,57.2300,58.7700,56.9400,58.2500,44.0057,1941200,0.0000,1.0000
2008-08-20,56.6900,58.7300,56.0000,58.0700,43.8697,2247700,0.0000,1.0000
2008-08-19,57.4200,57.9800,55.8500,57.0200,43.0765,2745000,0.0000,1.0000
2008-08-18,60.6700,60.8000,58.0900,58.5600,44.2399,2612100,0.0000,1.0000
2008-08-15,60.4000,61.7000,59.9300,60.3000,45.5544,2662600,0.0000,1.0000
2008-08-14,57.5500,60.7000,57.5200,60.4200,45.6450,1872500,0.0000,1.0000
2008-08-13,59.3200,59.3200,57.1000,58.1400,43.9226,2391500,0.0000,1.0000
2008-08-12,61.2600,61.3000,58.8900,59.4100,44.8820,3009900,0.0000,1.0000
2008-08-11,60.5100,62.8200,59.3500,61.4100,46.3929,2646200,0.0000,1.0000
2008-08-08,58.8600,61.0150,58.0200,60.5100,45.7130,2840900,0.0000,1.0000
2008-08-07,61.3700,61.3700,58.2100,58.3900,44.1114,3107800,0.0000,1.0000
2008-08-06,62.0000,62.4300,61.1100,61.9100,46.7707,2910300,0.0000,1.0000
2008-08-05,59.6300,62.1300,59.3800,61.9500,46.8009,4220900,0.0000,1.0000
2008-08-04,59.4600,60.3700,58.1000,59.5100,44.9576,3279300,0.0000,1.0000
2008-08-01,60.4500,60.4900,57.6300,59.7500,45.1389,3039300,0.0000,1.0000
2008-07-31,57.5900,60.6300,57.2500,59.8500,45.2144,2379000,0.0000,1.0000
2008-07-30,59.9900,60.5000,58.3000,60.2600,45.5242,3371500,0.0000,1.0000
2008-07-29,55.0800,59.3300,54.5300,59.3000,44.7989,4169200,0.0000,1.0000
2008-07-28,56.8000,57.6300,54.6800,54.8100,41.4069,3092200,0.0000,1.0000
2008-07-25,56.7600,57.1900,54.0000,56.6200,42.7743,3444300,0.0000,1.0000
2008-07-24,59.8900,60.5000,55.9000,56.0100,42.3134,5641000,0.0000,1.0000
2008-07-23,57.4700,60.1600,55.7200,59.2500,44.7611,5157500,0.0000,1.0000
2008-07-22,53.0600,56.8100,51.0900,56.7900,42.9027,5023600,0.0000,1.0000
2008-07-21,54.8100,55.8000,53.6100,54.1900,40.9385,2738500,0.0000,1.0000
2008-07-18,54.8800,55.0000,52.6300,54.7400,41.3540,3268100,0.0000,1.0000
2008-07-17,51.7900,56.0000,51.7800,54.6300,41.2709,4346400,0.0000,1.0000
2008-07-16,47.2600,51.7600,46.1800,51.7200,39.0725,4064300,0.0000,1.0000
2008-07-15,49.0100,49.4400,46.9400,47.2300,35.6805,6926900,0.0000,1.0000
2008-07-14,51.0000,52.6800,48.9800,48.9800,37.0025,3649800,0.0000,1.0000
2008-07-11,51.0000,52.8000,49.0900,50.7800,38.3624,4832000,0.0000,1.0000
2008-07-10,51.0900,54.0100,50.2400,52.4500,39.6240,4639300,0.0000,1.0000
2008-07-09,54.3200,54.7100,51.2300,51.4600,38.8761,3103100,0.0000,1.0000
2008-07-08,51.1600,54.3700,50.1600,54.3700,41.0745,4351900,0.0000,1.0000
2008-07-07,52.6800,53.6000,50.2700,51.0500,38.5663,4283100,0.0000,1.0000
2008-07-03,53.8000,54.5400,52.1700,52.6700,39.7902,2219700,0.0000,1.0000
2008-07-02,55.8300,56.0000,52.9100,53.1100,40.1226,2937500,0.0000,1.0000
2008-07-01,54.6800,55.1600,52.9000,54.7500,41.3616,4859800,0.0000,1.0000
2008-06-30,56.6350,57.5200,55.7500,56.4700,42.6609,2566600,0.0000,1.0000
2008-06-27,56.6100,57.4800,55.5500,56.5000,42.6836,2202200,0.0000,1.0000
2008-06-26,57.5100,58.7100,56.4600,56.6600,42.8045,2546000,0.0000,1.0000
2008-06-25,59.0400,60.4400,58.3800,58.9400,44.5269,2129500,0.0000,1.0000
2008-06-24,58.9900,59.8600,57.7100,58.7000,44.3456,2454500,0.0000,1.0000
2008-06-23,59.7700,60.2000,57.8400,58.7900,44.4136,2029200,0.0000,1.0000
2008-06-20,59.6400,62.5500,59.0800,59.5700,45.0029,3055500,0.0000,1.0000
2008-06-19,60.8600,62.5000,59.6800,62.3600,47.1106,2405100,0.0000,1.0000
2008-06-18,60.2800,62.0000,59.6300,61.2400,46.2645,2374900,0.0000,1.0000
2008-06-17,63.0300,63.0300,60.5200,60.5300,45.7281,2381300,0.0000,1.0000
2008-06-16,62.1500,63.5800,61.6000,62.5900,47.2844,2563500,0.0000,1.0000
2008-06-13,61.6500,62.9200,59.9700,62.8300,47.4657,3440800,0.0000,1.0000
2008-06-12,59.5900,61.0000,58.3800,59.8100,45.1842,3901900,0.2400,1.0000
2008-06-11,58.5000,59.2900,56.7000,56.7700,42.7162,2559100,0.0000,1.0000
2008-06-10,57.1600,59.5700,56.1800,58.8200,44.2587,2023600,0.0000,1.0000
2008-06-09,59.0700,59.1300,56.6500,57.6200,43.3558,1808500,0.0000,1.0000
2008-06-06,60.8500,61.2300,58.3400,58.3700,43.9201,3058100,0.0000,1.0000
2008-06-05,58.4000,61.6500,58.4000,61.6100,46.3580,3157700,0.0000,1.0000
2008-06-04,58.3000,59.5500,57.7900,58.3600,43.9126,1727400,0.0000,1.0000
2008-06-03,57.5300,59.9600,57.2600,58.4400,43.9728,2649800,0.0000,1.0000
2008-06-02,57.8200,58.1500,56.1100,57.1000,42.9645,2300800,0.0000,1.0000
2008-05-30,59.7700,60.0400,57.7200,57.9200,43.5815,4784000,0.0000,1.0000
2008-05-29,58.4500,60.9600,58.4500,59.5900,44.8381,1732300,0.0000,1.0000
2008-05-28,58.8500,59.0550,57.2800,58.3300,43.8900,1405900,0.0000,1.0000
2008-05-27,57.8900,58.9500,57.4600,58.5800,44.0781,1984700,0.0000,1.0000
2008-05-23,58.2600,58.7900,57.2701,57.4600,43.2354,1319000,0.0000,1.0000
2008-05-22,57.6800,59.0500,57.5100,58.7900,44.2361,2131800,0.0000,1.0000
2008-05-21,60.3100,60.9900,57.6500,57.9100,43.5740,2525800,0.0000,1.0000
2008-05-20,61.5600,61.9900,59.7000,60.1200,45.2369,3277400,0.0000,1.0000
2008-05-19,62.2400,63.5400,61.6000,61.8700,46.5536,1847200,0.0000,1.0000
2008-05-16,63.4400,63.7000,61.3700,62.0500,46.6891,2301800,0.0000,1.0000
2008-05-15,62.2200,63.5600,61.7200,63.5600,47.8253,1620800,0.0000,1.0000
2008-05-14,62.9900,63.5000,61.5500,61.8900,46.5687,2119600,0.0000,1.0000
2008-05-13,63.0400,63.2600,61.4700,62.1900,46.7944,2028400,0.0000,1.0000
2008-05-12,61.2500,63.1300,60.7500,62.8700,47.3061,1667100,0.0000,1.0000
2008-05-09,59.1000,61.0900,59.1000,60.4700,45.5002,1928300,0.0000,1.0000
2008-05-08,60.6400,61.1200,59.2300,60.0300,45.1691,1854700,0.0000,1.0000
2008-05-07,62.7000,62.7800,60.0200,60.1900,45.2895,2463400,0.0000,1.0000
2008-05-06,61.3500,63.2100,60.5400,63.1100,47.4867,1712800,0.0000,1.0000
2008-05-05,61.9200,62.4500,61.0700,61.5500,46.3129,1214800,0.0000,1.0000
2008-05-02,62.3800,63.0000,61.1000,61.6600,46.3956,2369400,0.0000,1.0000
2008-05-01,58.5500,62.0900,57.9900,61.7600,46.4709,2943100,0.0000,1.0000
2008-04-30,57.9100,60.1500,57.7600,58.5600,44.0631,2916400,0.0000,1.0000
2008-04-29,59.9500,60.4900,59.0000,59.5200,44.7854,2099700,0.0000,1.0000
2008-04-28,59.7800,61.2200,58.7300,60.5600,45.5679,2551500,0.0000,1.0000
2008-04-25,60.0000,60.0500,58.5400,59.5600,44.8155,3888400,0.0000,1.0000
2008-04-24,54.2100,61.0800,54.2100,60.2400,45.3272,6661300,0.0000,1.0000
2008-04-23,53.5800,54.3000,52.3300,53.8800,40.5416,2460700,0.0000,1.0000
2008-04-22,53.0600,53.7400,52.5800,53.0500,39.9171,2112300,0.0000,1.0000
2008-04-21,53.7600,54.3500,53.1200,53.7400,40.4363,1495300,0.0000,1.0000
2008-04-18,55.1600,56.1700,54.1900,54.4000,40.9329,1884200,0.0000,1.0000
2008-04-17,52.4300,54.0000,51.6000,53.7500,40.4438,1850400,0.0000,1.0000
2008-04-16,51.5300,53.0000,51.2200,52.4800,39.4882,2010600,0.0000,1.0000
2008-04-15,50.8300,51.4300,50.3700,50.9900,38.3671,1901800,0.0000,1.0000
2008-04-14,51.0200,51.7000,49.9500,50.4200,37.9382,2511700,0.0000,1.0000
2008-04-11,52.8400,53.2650,51.3300,51.3400,38.6304,2120200,0.0000,1.0000
2008-04-10,53.0600,53.8600,52.2000,53.0200,39.8945,1960000,0.0000,1.0000
2008-04-09,54.5600,55.3700,52.7300,52.8400,39.7591,2018000,0.0000,1.0000
2008-04-08,53.8600,55.0600,53.6800,54.5600,41.0533,1472300,0.0000,1.0000
2008-04-07,55.5300,55.7900,54.1800,54.8900,41.3016,1472000,0.0000,1.0000
2008-04-04,55.2400,55.4300,53.8500,54.3300,40.8802,1365500,0.0000,1.0000
2008-04-03,54.5000,55.4200,53.6200,54.7400,41.1887,1560200,0.0000,1.0000
2008-04-02,53.7000,55.9000,53.6400,54.9100,41.3166,2931200,0.0000,1.0000
2008-04-01,51.8600,54.3900,50.8100,54.3800,40.9178,3646800,0.0000,1.0000
2008-03-31,48.9400,50.7700,48.0100,50.0000,37.6221,2719100,0.0000,1.0000
2008-03-28,50.6100,51.0000,48.8900,48.9100,36.8020,1992100,0.0000,1.0000
2008-03-27,51.3500,51.9000,49.8900,50.2600,37.8178,3088800,0.0000,1.0000
2008-03-26,53.1600,53.6100,51.5000,51.5500,38.7884,3195700,0.0000,1.0000
2008-03-25,51.2523,54.0000,51.2523,53.3700,40.1579,2490900,0.0000,1.0000
2008-03-24,51.0400,53.5600,50.7400,52.1500,39.2399,2894900,0.0000,1.0000
2008-03-20,48.4700,50.6700,47.6900,50.6300,38.0962,3362500,0.0000,1.0000
2008-03-19,49.4000,50.4000,48.0200,48.1800,36.2527,3463700,0.0000,1.0000
2008-03-18,47.5300,49.2800,47.2400,49.1300,36.9675,4555800,0.0000,1.0000
2008-03-17,44.2700,46.7600,43.0000,46.0400,34.6425,6247200,0.0000,1.0000
2008-03-14,48.3100,48.6900,44.9500,46.2900,34.8306,2815900,0.0000,1.0000
2008-03-13,46.9600,48.1900,44.6200,47.5700,35.7937,5009800,0.0000,1.0000
2008-03-12,49.6500,50.3100,48.1700,48.3200,36.3580,2756600,0.2400,1.0000
2008-03-11,46.7600,49.9402,46.3300,49.9300,37.3838,5161900,0.0000,1.0000
2008-03-10,46.8600,47.6200,45.0200,45.0200,33.7076,4456700,0.0000,1.0000
2008-03-07,47.0800,48.6000,46.3700,47.3500,35.4521,2912200,0.0000,1.0000
2008-03-06,49.0200,49.0700,47.5000,47.5500,35.6018,3642900,0.0000,1.0000
2008-03-05,49.8000,50.9400,48.6800,49.0800,36.7474,3622000,0.0000,1.0000
2008-03-04,49.5600,50.5000,48.6200,49.7400,37.2415,2859500,0.0000,1.0000
2008-03-03,50.5400,50.9000,49.3400,49.9800,37.4212,2459200,0.0000,1.0000
2008-02-29,51.3600,52.4500,50.0600,50.5300,37.8330,2478000,0.0000,1.0000
2008-02-28,53.7000,53.7500,52.1200,52.7400,39.4877,2448300,0.0000,1.0000
2008-02-27,52.4500,55.2200,52.2800,54.2400,40.6108,3046000,0.0000,1.0000
2008-02-26,50.3900,53.4400,50.3900,52.6700,39.4353,2700500,0.0000,1.0000
2008-02-25,49.5000,51.2500,48.8800,50.9600,38.1550,1880700,0.0000,1.0000
2008-02-22,49.0700,49.5000,47.9300,49.5000,37.0618,3024600,0.0000,1.0000
2008-02-21,49.9900,50.3900,48.7700,48.8200,36.5527,2021600,0.0000,1.0000
2008-02-20,48.0000,50.0000,47.6300,49.7900,37.2790,2002300,0.0000,1.0000
2008-02-19,49.9300,50.4900,48.1800,48.4600,36.2832,1743500,0.0000,1.0000
2008-02-15,49.5000,49.6400,48.3700,49.2300,36.8597,2546400,0.0000,1.0000
2008-02-14,50.9200,51.0000,49.3600,49.4300,37.0094,2739600,0.0000,1.0000
2008-02-13,48.5600,50.8300,48.5600,50.6000,37.8854,3408200,0.0000,1.0000
2008-02-12,49.7000,50.9900,49.5000,50.1400,37.5410,2274900,0.0000,1.0000
2008-02-11,49.5500,49.7200,48.4600,49.3300,36.9346,2403700,0.0000,1.0000
2008-02-08,50.4100,50.9100,49.5300,49.7300,37.2340,2665100,0.0000,1.0000
2008-02-07,49.4500,51.4700,49.1000,50.7800,38.0202,3048600,0.0000,1.0000
2008-02-06,49.8500,51.3300,49.1300,49.2600,36.8821,3534800,0.0000,1.0000
2008-02-05,50.5000,50.9000,49.2300,49.3600,36.9570,3184200,0.0000,1.0000
2008-02-04,52.0000,52.2400,51.0000,51.8100,38.7914,2381700,0.0000,1.0000
2008-02-01,50.2500,52.2800,50.2500,52.1100,39.0160,3559300,0.0000,1.0000
2008-01-31,50.2000,50.8900,49.1900,50.5900,37.8779,8646700,0.0000,1.0000
2008-01-30,50.7300,54.5500,50.5600,51.2100,38.3422,4151900,0.0000,1.0000
2008-01-29,54.0100,56.0800,50.9100,52.8400,39.5626,4197700,0.0000,1.0000
2008-01-28,52.9200,52.9200,50.8700,52.2800,39.1433,4004500,0.0000,1.0000
2008-01-25,54.5300,56.3600,51.8900,52.0100,38.9411,3163400,0.0000,1.0000
2008-01-24,52.4000,54.4900,52.1600,53.8800,40.3413,3833800,0.0000,1.0000
2008-01-23,48.5500,52.4200,46.5000,52.2800,39.1433,4456400,0.0000,1.0000
2008-01-22,45.5000,51.7300,44.9500,49.6900,37.2041,7013400,0.0000,1.0000
2008-01-18,47.6500,50.5000,46.4200,47.7400,35.7441,5142200,0.0000,1.0000
2008-01-17,49.2100,50.2200,47.3400,47.5200,35.5794,5065100,0.0000,1.0000
2008-01-16,49.5200,51.0100,48.4000,49.0800,36.7474,5102600,0.0000,1.0000
2008-01-15,52.1200,52.6300,49.0500,49.8500,37.3239,3190300,0.0000,1.0000
2008-01-14,52.8400,53.2400,52.3100,53.0800,39.7423,1731800,0.0000,1.0000
2008-01-11,51.7600,52.6600,49.9000,52.0600,38.9786,3273600,0.0000,1.0000
2008-01-10,50.4800,53.3300,50.0450,52.3700,39.2107,4088200,0.0000,1.0000
2008-01-09,51.3500,51.6600,48.3300,50.4100,37.7432,5469900,0.0000,1.0000
2008-01-08,54.7800,54.9700,51.2600,51.3200,38.4245,3073700,0.0000,1.0000
2008-01-07,55.5900,56.2200,53.2500,54.2400,40.6108,3398300,0.0000,1.0000
2008-01-04,58.0000,58.0000,54.9500,55.0300,41.2023,2555700,0.0000,1.0000
2008-01-03,59.0700,59.8000,58.6000,58.9400,44.1298,1235800,0.0000,1.0000
2008-01-02,59.8000,60.4200,58.5000,58.8100,44.0325,1761100,0.0000,1.0000
2007-12-31,59.5000,61.4500,59.5000,60.8800,45.5823,843500,0.0000,1.0000
2007-12-28,60.7100,61.2800,59.6901,60.1800,45.0582,827800,0.0000,1.0000
2007-12-27,61.9600,62.3600,60.1900,60.2300,45.0956,1238600,0.0000,1.0000
2007-12-26,62.4100,62.6200,61.6200,62.2600,46.6156,855700,0.2400,1.0000
2007-12-24,61.4300,63.1600,61.4300,63.0000,46.9885,530100,0.0000,1.0000
2007-12-21,59.5600,61.4500,59.5600,61.1900,45.6385,1900600,0.0000,1.0000
2007-12-20,61.1300,61.3200,59.0300,59.6700,44.5048,2038700,0.0000,1.0000
2007-12-19,60.1200,61.2000,59.7700,60.6400,45.2283,1509700,0.0000,1.0000
2007-12-18,60.3500,61.2200,59.0000,60.4700,45.1015,1807800,0.0000,1.0000
2007-12-17,62.3200,62.4000,60.2500,60.4900,45.1164,1704900,0.0000,1.0000
2007-12-14,63.0700,64.2500,62.3000,62.5000,46.6156,1535900,0.0000,1.0000
2007-12-13,61.9200,63.8500,61.3400,63.6500,47.4733,2198400,0.0000,1.0000
2007-12-12,62.1900,63.6900,61.3700,62.4600,46.5857,1893900,0.0000,1.0000
2007-12-11,63.5900,64.9000,60.9100,60.9700,45.4744,1457000,0.0000,1.0000
2007-12-10,63.1300,64.2300,63.0200,63.7300,47.5330,1608400,0.0000,1.0000
2007-12-07,64.6200,65.4600,62.4400,62.8300,46.8617,1817700,0.0000,1.0000
2007-12-06,62.1300,64.4200,62.1300,64.3600,48.0028,1133100,0.0000,1.0000
2007-12-05,61.2600,62.8900,61.0800,62.4100,46.5484,2070100,0.0000,1.0000
2007-12-04,60.0300,61.0500,59.5700,60.5800,45.1835,2014500,0.0000,1.0000
2007-12-03,61.7500,61.8400,59.6600,60.0300,44.7733,1964100,0.0000,1.0000
2007-11-30,61.3300,62.9900,60.8200,61.4800,45.8548,2475700,0.0000,1.0000
2007-11-29,60.7900,61.0000,59.3000,60.1900,44.8926,1702000,0.0000,1.0000
2007-11-28,58.5700,61.2500,58.0100,61.0800,45.5565,2225100,0.0000,1.0000
2007-11-27,56.7100,58.2600,56.2100,57.8400,43.1399,2647800,0.0000,1.0000
2007-11-26,58.6400,59.2500,56.2700,56.3000,41.9913,1551200,0.0000,1.0000
2007-11-23,58.1000,59.5100,57.7520,59.0500,44.0424,1106100,0.0000,1.0000
2007-11-21,60.0000,60.0000,56.5910,57.1000,42.5880,4802800,0.0000,1.0000
2007-11-20,62.2800,62.6600,59.5000,60.8200,45.3625,3200000,0.0000,1.0000
2007-11-19,64.3900,64.9600,61.5800,61.7900,46.0860,2812300,0.0000,1.0000
2007-11-16,63.7500,65.1600,63.0700,64.7000,48.2564,2658600,0.0000,1.0000
2007-11-15,64.3700,64.9700,62.8000,63.4700,47.3390,3093800,0.0000,1.0000
2007-11-14,63.7500,65.2800,63.3400,64.3700,48.0103,2575500,0.0000,1.0000
2007-11-13,59.9900,63.5700,59.8800,63.5700,47.4136,1833900,0.0000,1.0000
2007-11-12,58.3800,61.2200,58.3800,59.5900,44.4451,2299300,0.0000,1.0000
2007-11-09,59.3000,60.2200,58.5000,58.6000,43.7067,2831800,0.0000,1.0000
2007-11-08,59.8900,60.9700,57.5300,60.6200,45.2134,2972100,0.0000,1.0000
2007-11-07,63.0400,63.3000,59.8400,59.8400,44.6316,1979500,0.0000,1.0000
2007-11-06,62.5900,63.9000,61.3000,63.9000,47.6597,1380300,0.0000,1.0000
2007-11-05,62.2000,63.0400,60.9900,62.4700,46.5932,2076500,0.0000,1.0000
2007-11-02,62.8900,62.9700,60.2700,62.7200,46.7796,2104200,0.0000,1.0000
2007-11-01,63.3800,63.9900,61.9300,62.4500,46.5783,2476200,0.0000,1.0000
2007-10-31,63.1500,64.6900,62.4100,64.2400,47.9133,2046200,0.0000,1.0000
2007-10-30,62.6300,63.1300,61.7300,62.8400,46.8691,1254700,0.0000,1.0000
2007-10-29,62.1700,62.9500,61.5700,62.7500,46.8020,1363300,0.0000,1.0000
2007-10-26,61.2000,63.2000,60.4100,61.7100,46.0263,1955400,0.0000,1.0000
2007-10-25,59.4300,60.5800,58.9200,60.1100,44.8330,1630300,0.0000,1.0000
2007-10-24,58.3700,59.5700,56.8100,59.4400,44.3333,2008600,0.0000,1.0000
2007-10-23,55.4500,58.9600,55.0700,58.7300,43.8037,2103800,0.0000,1.0000
2007-10-22,53.6400,55.3000,53.4500,54.6900,40.7905,1106900,0.0000,1.0000
2007-10-19,55.9000,56.6200,54.0000,54.0200,40.2908,1452800,0.0000,1.0000
2007-10-18,55.9300,56.6400,55.2500,56.1800,41.9018,1096700,0.0000,1.0000
2007-10-17,57.0100,57.0100,54.8900,55.9500,41.7302,1322600,0.0000,1.0000
2007-10-16,56.8300,57.1500,55.7600,56.2000,41.9167,1295800,0.0000,1.0000
2007-10-15,58.6300,58.8800,56.2700,56.8100,42.3717,1383700,0.0000,1.0000
2007-10-12,58.2500,58.7500,57.9600,58.5700,43.6844,874500,0.0000,1.0000
2007-10-11,58.6100,59.6000,57.6200,58.0500,43.2965,1284300,0.0000,1.0000
2007-10-10,58.4700,58.6000,57.7300,58.2000,43.4084,1142000,0.0000,1.0000
2007-10-09,57.4700,58.5300,57.1700,58.5299,43.6545,1525200,0.0000,1.0000
2007-10-08,57.4600,57.8600,57.3200,57.4100,42.8192,938200,0.0000,1.0000
2007-10-05,56.3600,57.7900,56.0500,57.7100,43.0429,1453900,0.0000,1.0000
2007-10-04,57.3900,57.9900,56.3000,56.6400,42.2449,957600,0.0000,1.0000
2007-10-03,57.6500,58.0500,56.7200,56.9400,42.4686,913900,0.0000,1.0000
2007-10-02,57.9000,59.4100,57.6000,58.1000,43.3338,1698900,0.0000,1.0000
2007-10-01,56.0000,57.9000,55.7500,57.7800,43.0952,1959700,0.0000,1.0000
2007-09-28,55.6800,56.0700,55.2100,55.6900,41.5363,1192400,0.0000,1.0000
2007-09-27,54.9500,55.5700,54.1200,55.5000,41.3946,911400,0.0000,1.0000
2007-09-26,54.4600,55.1800,54.0000,54.6100,40.7308,956000,0.0000,1.0000
2007-09-25,53.6700,54.4700,53.3800,54.2200,40.4399,1448800,0.0000,1.0000
2007-09-24,53.8000,54.8600,53.6200,53.8200,40.1416,830500,0.0000,1.0000
2007-09-21,54.5400,54.6700,53.6600,53.8700,40.1789,1832500,0.0000,1.0000
2007-09-20,54.8200,55.2100,53.7000,53.9000,40.2013,1511600,0.0000,1.0000
2007-09-19,55.3600,56.4500,54.9700,55.3300,41.2678,1759800,0.1700,1.0000
2007-09-18,52.0100,55.2800,51.2700,55.2800,41.1042,2785600,0.0000,1.0000
2007-09-17,52.7900,52.7900,51.3700,51.9600,38.6356,1022900,0.0000,1.0000
2007-09-14,52.6900,53.0100,52.1300,52.9700,39.3866,950900,0.0000,1.0000
2007-09-13,51.6000,53.5500,51.5000,53.1400,39.5130,1530900,0.0000,1.0000
2007-09-12,51.2500,51.5600,50.9500,51.1500,38.0333,1179500,0.0000,1.0000
2007-09-11,50.6000,51.5200,50.5000,51.3500,38.1820,1565200,0.0000,1.0000
2007-09-10,49.6400,50.8700,49.1300,50.2200,37.3418,2066600,0.0000,1.0000
2007-09-07,49.2100,49.7200,48.7600,49.3100,36.6652,2370300,0.0000,1.0000
2007-09-06,50.5000,50.6100,49.3100,50.0200,37.1931,1392300,0.0000,1.0000
2007-09-05,51.9500,51.9700,50.0800,50.1700,37.3046,1845000,0.0000,1.0000
2007-09-04,51.2200,52.6800,51.0200,52.1400,38.7694,1196300,0.0000,1.0000
2007-08-31,50.5000,51.9700,50.4600,51.3200,38.1597,1398400,0.0000,1.0000
2007-08-30,50.6900,50.7000,49.4100,50.0200,37.1931,1371500,0.0000,1.0000
2007-08-29,49.4600,50.6700,48.5700,50.6700,37.6764,1740700,0.0000,1.0000
2007-08-28,51.3000,51.5000,48.6900,48.8800,36.3454,2140600,0.0000,1.0000
2007-08-27,53.7800,53.9500,51.6400,51.6500,38.4051,1108900,0.0000,1.0000
2007-08-24,52.4500,52.8100,51.0300,52.5700,39.0892,1731000,0.0000,1.0000
2007-08-23,53.6900,53.6900,51.1400,51.4600,38.2638,1239400,0.0000,1.0000
2007-08-22,53.1000,54.1000,51.6400,52.9200,39.3494,1233100,0.0000,1.0000
2007-08-21,51.8000,53.2700,51.5900,52.5300,39.0594,1508700,0.0000,1.0000
2007-08-20,52.0000,53.9600,50.7000,51.8900,38.5836,1666700,0.0000,1.0000
2007-08-17,51.8200,53.6000,49.9100,51.9500,38.6282,2579800,0.0000,1.0000
2007-08-16,47.8100,49.9900,45.2700,49.7500,36.9923,4289900,0.0000,1.0000
2007-08-15,48.8400,50.1900,48.1500,48.3500,35.9513,1612100,0.0000,1.0000
2007-08-14,50.5000,50.5900,48.6500,49.0200,36.4495,1554500,0.0000,1.0000
2007-08-13,50.9700,52.9500,50.0500,50.2100,37.3344,2441400,0.0000,1.0000
2007-08-10,52.3000,52.3700,49.2300,50.5100,37.5574,3753500,0.0000,1.0000
2007-08-09,54.8500,55.5600,52.7700,52.9200,39.3494,3758200,0.0000,1.0000
2007-08-08,54.5500,57.4500,54.5500,56.8600,42.2791,3465300,0.0000,1.0000
2007-08-07,52.0700,55.0000,51.9000,54.4500,40.4871,3341900,0.0000,1.0000
2007-08-06,48.7800,52.4800,48.3300,52.4800,39.0223,3789400,0.0000,1.0000
2007-08-03,49.9100,50.2100,48.3600,48.3900,35.9811,3010000,0.0000,1.0000
2007-08-02,50.5200,51.6700,49.4400,49.8800,37.0890,2446000,0.0000,1.0000
2007-08-01,51.8500,52.2500,49.3400,50.6000,37.6244,4583000,0.0000,1.0000
2007-07-31,50.8300,52.6200,50.7200,52.1300,38.7620,3916900,0.0000,1.0000
2007-07-30,48.9100,50.2800,48.7500,50.0300,37.2005,1900000,0.0000,1.0000
2007-07-27,50.8600,50.9500,49.0500,49.0800,36.4941,2000700,0.0000,1.0000
2007-07-26,51.0300,51.5200,49.1100,50.6700,37.6764,2454400,0.0000,1.0000
2007-07-25,51.3100,52.3600,50.5300,51.7400,38.4720,1854900,0.0000,1.0000
2007-07-24,52.8300,52.9400,51.2600,51.4200,38.2341,1478200,0.0000,1.0000
2007-07-23,53.7400,54.1100,53.1200,53.3400,39.6617,833400,0.0000,1.0000
2007-07-20,54.3600,54.3700,52.3100,53.0800,39.4684,1648300,0.0000,1.0000
2007-07-19,54.2600,54.7400,53.5600,54.3700,40.4276,1001400,0.0000,1.0000
2007-07-18,55.0000,55.0000,53.3500,53.9100,40.0856,1719700,0.0000,1.0000
2007-07-17,54.2000,55.2900,54.0000,55.2100,41.0522,2125500,0.0000,1.0000
2007-07-16,53.4700,53.9800,53.1300,53.9400,40.1079,1034300,0.0000,1.0000
2007-07-13,52.9000,53.5500,52.6700,53.3100,39.6394,1392400,0.0000,1.0000
2007-07-12,51.4400,52.8200,51.0100,52.8200,39.2751,1538000,0.0000,1.0000
2007-07-11,50.4000,51.5300,50.3700,51.0100,37.9292,2011100,0.0000,1.0000
2007-07-10,53.0300,53.2400,51.0300,51.0400,37.9515,1939300,0.0000,1.0000
2007-07-09,53.8000,54.0200,53.1400,53.5500,39.8179,1139700,0.0000,1.0000
2007-07-06,53.1200,53.7700,52.7700,53.6400,39.8848,650200,0.0000,1.0000
2007-07-05,53.0800,53.6200,52.8800,53.0450,39.4424,1087400,0.0000,1.0000
2007-07-03,53.4000,54.0900,53.4000,53.5400,39.8104,1034200,0.0000,1.0000
2007-07-02,52.3500,53.2400,52.2900,53.2400,39.5874,1295300,0.0000,1.0000
2007-06-29,52.7200,53.2600,51.4300,51.8900,38.5836,1485500,0.0000,1.0000
2007-06-28,52.0100,52.9800,51.6200,52.6500,39.1487,1285900,0.0000,1.0000
2007-06-27,51.1400,52.0600,50.3700,52.0100,38.6728,1581300,0.0000,1.0000
2007-06-26,51.5500,51.9600,51.2500,51.6800,38.4274,1689600,0.0000,1.0000
2007-06-25,51.6500,52.5700,50.8600,51.0300,37.9441,1747400,0.0000,1.0000
2007-06-22,52.2600,52.7800,51.5500,51.8800,38.5761,1722900,0.0000,1.0000
2007-06-21,52.5700,53.0000,51.7700,52.9600,39.3792,1315200,0.0000,1.0000
2007-06-20,54.2450,55.2100,52.6600,52.6700,39.1635,2490500,0.1700,1.0000
2007-06-19,52.9900,53.5000,52.9600,53.3700,39.5564,1262100,0.0000,1.0000
2007-06-18,53.5000,53.5000,52.7200,53.3900,39.5712,1201900,0.0000,1.0000
2007-06-15,52.5500,53.4700,52.5500,53.4300,39.6008,2243700,0.0000,1.0000
2007-06-14,51.3400,52.1500,51.3400,52.1400,38.6447,1081200,0.0000,1.0000
2007-06-13,50.4800,51.4200,49.9499,51.4200,38.1111,1123400,0.0000,1.0000
2007-06-12,50.7000,50.9800,49.9200,49.9300,37.0067,1347900,0.0000,1.0000
2007-06-11,50.2700,51.0700,50.0000,50.9000,37.7257,746200,0.0000,1.0000
2007-06-08,49.7900,50.3700,49.3300,50.2300,37.2291,1423600,0.0000,1.0000
2007-06-07,51.0700,51.3500,49.9400,49.9400,37.0141,1674900,0.0000,1.0000
2007-06-06,51.6100,51.8500,51.2900,51.3300,38.0444,1206400,0.0000,1.0000
2007-06-05,51.8300,51.9900,51.5700,51.6700,38.2964,1307600,0.0000,1.0000
2007-06-04,51.7000,52.1100,51.4900,51.8300,38.4150,1681000,0.0000,1.0000
2007-06-01,51.4000,52.2500,51.4000,51.9700,38.5187,1887100,0.0000,1.0000
2007-05-31,50.7900,51.5200,50.7700,51.3500,38.0592,1503100,0.0000,1.0000
2007-05-30,49.1400,50.5700,49.0900,50.5500,37.4663,1512700,0.0000,1.0000
2007-05-29,48.9300,49.4680,48.9300,49.1600,36.4360,1017300,0.0000,1.0000
2007-05-25,49.1800,49.5000,48.7400,48.9900,36.3100,734100,0.0000,1.0000
2007-05-24,50.1500,50.2900,48.9600,49.0800,36.3767,978900,0.0000,1.0000
2007-05-23,49.2500,50.3200,49.2500,50.1500,37.1698,1484600,0.0000,1.0000
2007-05-22,49.4500,49.5600,48.9900,49.2500,36.5027,1132600,0.0000,1.0000
2007-05-21,49.4500,49.8400,49.3600,49.5100,36.6954,971400,0.0000,1.0000
2007-05-18,49.0100,49.6500,48.9900,49.6400,36.7918,989000,0.0000,1.0000
2007-05-17,49.4600,49.4600,48.6200,48.8800,36.2285,944000,0.0000,1.0000
2007-05-16,48.9900,49.5499,48.9900,49.4900,36.6806,707800,0.0000,1.0000
2007-05-15,49.6700,50.0900,48.9200,48.9800,36.3026,802500,0.0000,1.0000
2007-05-14,50.2600,50.7000,49.2700,49.4000,36.6139,1125100,0.0000,1.0000
2007-05-11,50.3000,50.3600,49.4400,50.3600,37.3254,1112200,0.0000,1.0000
2007-05-10,50.3400,50.7300,49.6300,49.6800,36.8214,1881800,0.0000,1.0000
2007-05-09,49.7400,50.6400,49.5500,50.5100,37.4366,1026100,0.0000,1.0000
2007-05-08,49.7400,50.0000,49.5300,49.7400,36.8659,702700,0.0000,1.0000
2007-05-07,50.3900,50.6900,49.8300,49.9900,37.0512,946100,0.0000,1.0000
2007-05-04,49.4800,50.3400,49.2901,50.1800,37.1920,1215500,0.0000,1.0000
2007-05-03,49.5100,49.8900,48.9500,49.3800,36.5991,1358900,0.0000,1.0000
2007-05-02,49.4400,50.0400,49.2400,49.4700,36.6658,1515200,0.0000,1.0000
2007-05-01,49.8400,49.9400,48.0001,49.5100,36.6954,1230700,0.0000,1.0000
2007-04-30,50.0000,50.2100,49.6156,49.6800,36.8214,1295700,0.0000,1.0000
2007-04-27,49.9900,50.0900,49.7200,49.8500,36.9474,1918400,0.0000,1.0000
2007-04-26,50.5100,50.5100,49.5900,50.0200,37.0734,1543200,0.0000,1.0000
2007-04-25,50.0500,50.7000,49.7300,50.5500,37.4663,2702600,0.0000,1.0000
2007-04-24,51.3600,51.4500,50.7300,51.2500,37.9851,1420900,0.0000,1.0000
2007-04-23,51.0750,51.4200,50.9400,51.0200,37.8146,1020100,0.0000,1.0000
2007-04-20,50.9600,51.0900,49.3800,50.9800,37.7850,1491500,0.0000,1.0000
2007-04-19,50.8800,50.9600,50.1600,50.2700,37.2587,1330600,0.0000,1.0000
2007-04-18,50.2600,51.1700,50.2400,50.9600,37.7701,1026600,0.0000,1.0000
2007-04-17,50.3000,50.8300,50.1300,50.3400,37.3106,991400,0.0000,1.0000
2007-04-16,49.0000,50.1600,48.8900,50.1600,37.1772,1033200,0.0000,1.0000
2007-04-13,48.6100,49.0200,48.2900,48.9500,36.2804,625900,0.0000,1.0000
2007-04-12,48.1300,48.6400,47.9250,48.6000,36.0210,574100,0.0000,1.0000
2007-04-11,48.5800,48.7500,47.8800,48.2600,35.7690,839900,0.0000,1.0000
2007-04-10,48.7000,48.7900,48.4400,48.5800,36.0061,781900,0.0000,1.0000
2007-04-09,48.5200,48.9300,48.3800,48.7000,36.0951,575100,0.0000,1.0000
2007-04-05,48.2600,48.4800,48.1400,48.4600,35.9172,753900,0.0000,1.0000
2007-04-04,48.4200,48.6100,48.0500,48.5300,35.9691,826800,0.0000,1.0000
2007-04-03,47.8200,48.3900,47.6000,48.2700,35.7764,1100300,0.0000,1.0000
2007-04-02,47.0300,47.2500,46.8100,47.2400,35.0130,749500,0.0000,1.0000
2007-03-30,47.2000,47.7100,46.8500,47.1900,34.9759,1165100,0.0000,1.0000
2007-03-29,47.4900,48.0700,46.8500,47.3000,35.0574,1138900,0.0000,1.0000
2007-03-28,48.0200,48.1500,47.2500,47.3900,35.1241,908400,0.0000,1.0000
2007-03-27,48.0000,48.5100,47.9200,48.1100,35.6578,997700,0.0000,1.0000
2007-03-26,48.6600,48.8000,47.9600,48.4200,35.8876,987800,0.0000,1.0000
2007-03-23,48.8000,49.3000,48.6800,48.7300,36.1173,1043600,0.0000,1.0000
2007-03-22,48.9600,49.3300,48.4600,48.6000,36.0210,1559600,0.0000,1.0000
2007-03-21,47.9000,49.2100,47.3400,49.0200,36.3323,1733400,0.1700,1.0000
2007-03-20,46.5200,47.1100,46.4400,47.0200,34.7295,1460300,0.0000,1.0000
2007-03-19,46.3700,46.8100,46.2500,46.5200,34.3602,1363800,0.0000,1.0000
2007-03-16,46.5700,46.7700,45.9900,46.1900,34.1164,2127900,0.0000,1.0000
2007-03-15,46.4200,47.0900,46.2100,46.5800,34.4045,1197900,0.0000,1.0000
2007-03-14,45.9900,46.4800,45.3400,46.3800,34.2568,1950800,0.0000,1.0000
2007-03-13,46.6100,46.6900,45.7300,45.9600,33.9465,3404400,0.0000,1.0000
2007-03-12,46.2000,46.8000,46.0800,46.7200,34.5079,1251400,0.0000,1.0000
2007-03-09,46.7300,46.8700,45.9900,46.2800,34.1829,1093500,0.0000,1.0000
2007-03-08,46.1300,46.6000,45.8900,46.3100,34.2051,1442800,0.0000,1.0000
2007-03-07,45.7800,46.1800,45.5400,45.5900,33.6733,2069200,0.0000,1.0000
2007-03-06,44.8500,46.1400,44.7200,46.0200,33.9909,1805200,0.0000,1.0000
2007-03-05,45.2960,45.7100,44.5900,44.5960,32.9391,1483400,0.0000,1.0000
2007-03-02,46.3100,46.5400,45.8000,45.8500,33.8653,1391200,0.0000,1.0000
2007-03-01,45.9700,46.7100,45.4200,46.3300,34.2198,1569500,0.0000,1.0000
2007-02-28,45.7600,46.6700,45.5700,46.5600,34.3897,2261100,0.0000,1.0000
2007-02-27,47.8500,47.8500,45.7500,45.7500,33.7914,1886200,0.0000,1.0000
2007-02-26,48.6500,48.7200,47.5600,47.9900,35.4459,940800,0.0000,1.0000
2007-02-23,49.2000,49.3100,48.3000,48.4400,35.7783,1153700,0.0000,1.0000
2007-02-22,49.9000,49.9000,49.2000,49.4500,36.5243,564000,0.0000,1.0000
2007-02-21,49.7600,50.0400,49.3700,49.6500,36.6720,548600,0.0000,1.0000
2007-02-20,49.5900,49.8800,48.9000,49.7500,36.7459,898100,0.0000,1.0000
2007-02-16,49.5300,49.8800,49.2000,49.6000,36.6351,867500,0.0000,1.0000
2007-02-15,49.5300,49.8100,49.1823,49.7300,36.7311,804600,0.0000,1.0000
2007-02-14,48.9700,49.7800,48.8700,49.6000,36.6351,699800,0.0000,1.0000
2007-02-13,49.0400,49.0400,48.5200,48.9700,36.1698,1010400,0.0000,1.0000
2007-02-12,48.9800,49.0000,48.2700,48.5700,35.8743,1001700,0.0000,1.0000
2007-02-09,49.9600,50.2300,48.7200,49.2400,36.3692,1188500,0.0000,1.0000
2007-02-08,49.4400,50.3000,49.2000,50.0400,36.9601,1885000,0.0000,1.0000
2007-02-07,49.4400,49.4800,48.7900,49.3100,36.4209,1537000,0.0000,1.0000
2007-02-06,48.9200,49.2000,48.2200,49.0700,36.2436,1314700,0.0000,1.0000
2007-02-05,47.6300,48.2000,47.5800,48.1100,35.5346,602300,0.0000,1.0000
2007-02-02,47.8100,48.2300,47.4300,47.7800,35.2908,834400,0.0000,1.0000
2007-02-01,48.1900,48.4600,48.0300,48.2600,35.6453,695700,0.0000,1.0000
2007-01-31,47.7900,48.2500,47.1800,47.9800,35.4385,914300,0.0000,1.0000
2007-01-30,47.3700,47.9200,47.2700,47.8800,35.3647,1050900,0.0000,1.0000
2007-01-29,47.8000,47.8300,47.0400,47.3100,34.9437,888500,0.0000,1.0000
2007-01-26,47.3300,48.9400,47.0400,47.7800,35.2908,1767000,0.0000,1.0000
2007-01-25,48.7800,48.7900,47.1000,47.3100,34.9437,947100,0.0000,1.0000
2007-01-24,47.4100,48.6200,47.4100,48.6100,35.9039,1001400,0.0000,1.0000
2007-01-23,47.4100,47.7000,46.9500,47.3400,34.9658,755700,0.0000,1.0000
2007-01-22,47.8100,47.8100,47.1700,47.4100,35.0175,685500,0.0000,1.0000
2007-01-19,47.5200,47.8300,47.0800,47.6500,35.1948,736200,0.0000,1.0000
2007-01-18,48.5100,48.5400,47.5700,47.6800,35.2170,1123400,0.0000,1.0000
2007-01-17,48.1300,48.5600,48.0600,48.2500,35.6380,1305900,0.0000,1.0000
2007-01-16,48.8000,48.8200,47.8800,48.0600,35.4976,1077400,0.0000,1.0000
2007-01-12,48.3200,48.6080,48.0500,48.5600,35.8669,756600,0.0000,1.0000
2007-01-11,47.3700,48.3700,47.3700,48.2900,35.6675,1060400,0.0000,1.0000
2007-01-10,46.8700,47.4400,46.5200,47.3600,34.9806,1048000,0.0000,1.0000
2007-01-09,47.2800,47.5400,46.8500,47.0900,34.7812,1395100,0.0000,1.0000
2007-01-08,45.9000,47.0100,45.6400,46.9000,34.6408,1275100,0.0000,1.0000
2007-01-05,46.0100,46.3800,45.8900,46.0600,34.0204,1716500,0.0000,1.0000
2007-01-04,45.7300,46.3200,45.5700,46.1500,34.0869,1558600,0.0000,1.0000
2007-01-03,45.3500,46.2500,45.0300,45.7500,33.7914,2596900,0.0000,1.0000
2006-12-29,43.7500,43.9300,43.5500,43.7700,32.3290,718800,0.0000,1.0000
2006-12-28,44.1000,44.2800,43.5400,43.7800,32.3364,792800,0.0000,1.0000
2006-12-27,44.0400,44.3700,43.6200,44.2300,32.6687,682700,0.1700,1.0000
2006-12-26,43.8100,43.9800,43.5800,43.8200,32.2420,414800,0.0000,1.0000
2006-12-22,44.0600,44.0600,43.5800,43.8000,32.2273,865000,0.0000,1.0000
2006-12-21,43.5800,44.1900,43.5200,43.9800,32.3597,1003900,0.0000,1.0000
2006-12-20,43.8800,44.1400,43.4200,43.4600,31.9771,1778200,0.0000,1.0000
2006-12-19,44.3400,44.4000,43.7800,44.0300,32.3965,861100,0.0000,1.0000
2006-12-18,44.6800,44.9200,44.3100,44.4900,32.7350,596800,0.0000,1.0000
2006-12-15,44.3200,45.2200,44.3000,44.5000,32.7423,1540800,0.0000,1.0000
2006-12-14,44.3200,44.5400,44.0900,44.4100,32.6761,1257300,0.0000,1.0000
2006-12-13,44.8250,44.9400,44.1600,44.3100,32.6025,654700,0.0000,1.0000
2006-12-12,44.7000,44.8700,44.3100,44.6300,32.8380,742400,0.0000,1.0000
2006-12-11,44.9000,44.9500,44.4200,44.5900,32.8085,1085900,0.0000,1.0000
2006-12-08,44.5200,44.9800,44.3300,44.8100,32.9704,979400,0.0000,1.0000
2006-12-07,44.8000,45.0000,44.3400,44.4500,32.7055,993900,0.0000,1.0000
2006-12-06,44.7600,44.9600,44.5500,44.6500,32.8527,970200,0.0000,1.0000
2006-12-05,44.5500,44.9300,44.2612,44.6900,32.8821,1274300,0.0000,1.0000
2006-12-04,43.6700,44.6100,43.4500,44.5500,32.7791,1596900,0.0000,1.0000
2006-12-01,43.4200,43.4300,42.6300,43.3500,31.8962,1030300,0.0000,1.0000
2006-11-30,44.1100,44.1300,43.2400,43.3300,31.8815,1590200,0.0000,1.0000
2006-11-29,43.5200,44.0500,43.2300,43.8600,32.2714,902000,0.0000,1.0000
2006-11-28,42.6000,43.5900,42.5300,43.4500,31.9698,1316900,0.0000,1.0000
2006-11-27,43.7000,44.0100,42.6700,42.7100,31.4253,1283100,0.0000,1.0000
2006-11-24,44.1700,44.3400,43.6000,44.0200,32.3892,690400,0.0000,1.0000
2006-11-22,44.8500,45.0100,44.4600,44.6800,32.8748,673900,0.0000,1.0000
2006-11-21,45.1900,45.2500,44.7200,44.8400,32.9925,824200,0.0000,1.0000
2006-11-20,44.8600,45.3700,44.8200,45.1900,33.2500,997700,0.0000,1.0000
2006-11-17,45.6700,45.8600,44.8900,44.9200,33.0514,1518500,0.0000,1.0000
2006-11-16,45.3900,45.9100,45.3200,45.8200,33.7136,862900,0.0000,1.0000
2006-11-15,45.0600,45.5300,44.9400,45.3100,33.3383,804500,0.0000,1.0000
2006-11-14,44.9600,45.2200,44.4500,45.0800,33.1691,1343600,0.0000,1.0000
2006-11-13,44.7400,45.0800,44.7200,44.8800,33.0219,1300200,0.0000,1.0000
2006-11-10,44.8200,45.0100,44.6500,44.9000,33.0366,973600,0.0000,1.0000
2006-11-09,45.9300,46.0900,44.4500,44.6000,32.8159,1945000,0.0000,1.0000
2006-11-08,45.6300,46.0200,45.4300,45.7000,33.6253,971200,0.0000,1.0000
2006-11-07,46.0500,46.3100,45.7900,45.8400,33.7283,1183100,0.0000,1.0000
2006-11-06,45.3650,46.1800,45.1400,46.0500,33.8828,1155800,0.0000,1.0000
2006-11-03,46.0500,46.4400,45.2000,45.3100,33.3383,1058600,0.0000,1.0000
2006-11-02,45.8700,46.0500,45.2101,45.7500,33.6621,1462100,0.0000,1.0000
2006-11-01,47.3100,47.3800,46.0300,46.1900,33.9858,1857000,0.0000,1.0000
2006-10-31,47.0000,47.6000,46.8500,47.3100,34.8099,1238100,0.0000,1.0000
2006-10-30,46.7700,47.0500,46.5000,46.8300,34.4567,1240300,0.0000,1.0000
2006-10-27,46.8700,47.6000,46.4100,46.8100,34.4420,2181800,0.0000,1.0000
2006-10-26,46.1050,46.3100,45.3900,46.3100,34.0741,2631000,0.0000,1.0000
2006-10-25,45.5600,46.8600,44.5200,46.2300,34.0152,4819300,0.0000,1.0000
2006-10-24,48.0300,48.1600,47.6900,48.0500,35.3544,1731500,0.0000,1.0000
2006-10-23,47.8800,48.0300,47.5800,48.0000,35.3176,1011300,0.0000,1.0000
2006-10-20,48.2600,48.2700,47.6500,47.8100,35.1778,1431700,0.0000,1.0000
2006-10-19,48.1000,48.2400,47.6200,47.9100,35.2513,1321500,0.0000,1.0000
2006-10-18,47.6700,48.5000,47.5600,48.0600,35.3617,2621600,0.0000,1.0000
2006-10-17,47.9300,47.9300,47.0300,47.4100,34.8835,1525900,0.0000,1.0000
2006-10-16,47.1600,47.9900,47.1100,47.9700,35.2955,1293000,0.0000,1.0000
2006-10-13,47.5000,47.7900,47.2500,47.6200,35.0380,1899800,0.0000,1.0000
2006-10-12,47.3800,47.7400,47.2200,47.5600,34.9938,1821100,0.0000,1.0000
2006-10-11,46.5410,47.1100,46.1200,47.0300,34.6039,2742500,0.0000,1.0000
2006-10-10,47.6900,47.8500,47.2100,47.5900,35.0159,1756600,0.0000,1.0000
2006-10-09,47.6500,47.7200,47.1600,47.6400,35.0527,798800,0.0000,1.0000
2006-10-06,48.2400,48.3800,47.4900,47.6500,35.0600,740500,0.0000,1.0000
2006-10-05,47.3000,48.3100,47.2500,48.3100,35.5457,1343200,0.0000,1.0000
2006-10-04,47.1000,47.4900,46.4000,47.4900,34.9423,1414300,0.0000,1.0000
2006-10-03,47.0800,47.3100,46.7300,47.0900,34.6480,1973300,0.0000,1.0000
2006-10-02,48.1800,48.1800,47.1600,47.5900,35.0159,1191400,0.0000,1.0000
2006-09-29,47.5800,48.0000,47.2900,47.8500,35.2072,956900,0.0000,1.0000
2006-09-28,47.7200,47.7800,47.0400,47.7000,35.0968,886000,0.0000,1.0000
2006-09-27,47.4700,47.9000,47.2200,47.7300,35.1189,1054100,0.0000,1.0000
2006-09-26,47.0000,47.4900,46.4000,47.3900,34.8687,1450100,0.1400,1.0000
2006-09-25,47.2200,47.7500,46.7300,47.3200,34.7147,1985500,0.0000,1.0000
2006-09-22,47.0300,47.2100,46.6000,46.9500,34.4432,886200,0.0000,1.0000
2006-09-21,48.1100,48.1100,47.0400,47.4400,34.8027,1649700,0.0000,1.0000
2006-09-20,46.9100,47.9000,46.7900,47.6100,34.9274,1036200,0.0000,1.0000
2006-09-19,46.3100,46.8500,46.1500,46.6300,34.2085,1712200,0.0000,1.0000
2006-09-18,46.5700,47.0000,46.2600,46.4600,34.0838,1749300,0.0000,1.0000
2006-09-15,47.3500,47.7500,47.2800,47.4500,34.8100,2049400,0.0000,1.0000
2006-09-14,46.3600,47.0400,46.1700,46.8200,34.3479,715500,0.0000,1.0000
2006-09-13,45.7200,46.5400,45.4800,46.3500,34.0031,730300,0.0000,1.0000
2006-09-12,44.5300,45.7400,44.5000,45.6800,33.5115,1106100,0.0000,1.0000
2006-09-11,44.2100,44.5200,43.7800,44.3600,32.5432,783000,0.0000,1.0000
2006-09-08,44.0000,44.3300,43.8400,44.1500,32.3891,627000,0.0000,1.0000
2006-09-07,44.0300,44.2600,43.7200,43.8100,32.1397,669400,0.0000,1.0000
2006-09-06,44.1800,44.4700,44.1000,44.1900,32.4185,608800,0.0000,1.0000
2006-09-05,44.4500,44.5800,44.0400,44.4100,32.5799,608800,0.0000,1.0000
2006-09-01,44.2400,44.4400,44.0600,44.4000,32.5725,871300,0.0000,1.0000
2006-08-31,43.4698,44.1700,43.4101,44.0600,32.3231,951200,0.0000,1.0000
2006-08-30,43.3000,43.8100,43.1400,43.4400,31.8683,682400,0.0000,1.0000
2006-08-29,43.2800,43.4400,42.6200,43.2100,31.6995,614300,0.0000,1.0000
2006-08-28,42.7400,43.3900,42.3800,43.1100,31.6262,714700,0.0000,1.0000
2006-08-25,42.5200,43.0200,42.1200,42.5600,31.2227,835200,0.0000,1.0000
2006-08-24,44.0000,44.0200,42.6400,42.7100,31.3327,1449100,0.0000,1.0000
2006-08-23,43.7300,44.2500,43.5000,43.6800,32.0443,607800,0.0000,1.0000
2006-08-22,43.5200,43.9500,43.4200,43.7700,32.1103,815600,0.0000,1.0000
2006-08-21,43.9100,43.9600,43.1900,43.3700,31.8169,1052700,0.0000,1.0000
2006-08-18,43.7300,44.0900,43.3700,43.9400,32.2351,628400,0.0000,1.0000
2006-08-17,44.2400,44.2400,43.5100,43.9500,32.2424,1150900,0.0000,1.0000
2006-08-16,44.2000,44.3300,43.8405,44.0100,32.2864,1171900,0.0000,1.0000
2006-08-15,43.1000,44.0400,43.0200,43.8200,32.1470,1583400,0.0000,1.0000
2006-08-14,42.7041,43.1200,42.1400,42.3900,31.0980,1266300,0.0000,1.0000
2006-08-11,42.0400,42.4400,41.9200,42.3200,31.0466,1086500,0.0000,1.0000
2006-08-10,41.5700,42.3300,41.1900,42.2000,30.9586,993600,0.0000,1.0000
2006-08-09,41.3200,42.3000,41.2900,41.4200,30.3863,1361900,0.0000,1.0000
2006-08-08,41.2000,41.8300,41.0200,41.2600,30.2690,1420300,0.0000,1.0000
2006-08-07,41.4900,41.5300,40.8000,41.1300,30.1736,1178600,0.0000,1.0000
2006-08-04,41.0600,42.2300,40.9600,41.5000,30.4450,1647600,0.0000,1.0000
2006-08-03,40.7000,41.0400,40.3600,40.9000,30.0049,1396500,0.0000,1.0000
2006-08-02,40.9600,41.3200,40.5900,40.8300,29.9535,897700,0.0000,1.0000
2006-08-01,41.1400,41.1400,40.5700,40.9800,30.0636,1864900,0.0000,1.0000
2006-07-31,40.5000,41.5700,40.0000,41.3100,30.3057,3462900,0.0000,1.0000
2006-07-28,39.3600,40.9300,39.3100,40.4200,29.6527,2003200,0.0000,1.0000
2006-07-27,37.9900,39.6600,37.9900,39.0300,28.6330,2015800,0.0000,1.0000
2006-07-26,36.9700,37.4300,36.7200,37.0500,27.1804,989800,0.0000,1.0000
2006-07-25,36.8000,37.4400,36.4200,37.2100,27.2978,1182100,0.0000,1.0000
2006-07-24,35.8200,37.0500,35.7400,36.9800,27.1291,840500,0.0000,1.0000
2006-07-21,36.4000,36.4300,35.8300,35.8300,26.2854,1413100,0.0000,1.0000
2006-07-20,36.8600,37.1200,36.2700,36.2800,26.6156,715300,0.0000,1.0000
2006-07-19,35.4900,37.1700,35.2600,36.9200,27.0851,1206600,0.0000,1.0000
2006-07-18,35.5000,35.9100,34.9600,35.2400,25.8526,935500,0.0000,1.0000
2006-07-17,35.2800,35.7500,35.1600,35.6100,26.1240,834200,0.0000,1.0000
2006-07-14,35.7600,35.9900,34.8700,35.4400,25.9993,1031500,0.0000,1.0000
2006-07-13,36.6200,36.6200,35.7800,35.9500,26.3735,1066600,0.0000,1.0000
2006-07-12,37.0000,37.4700,36.3300,36.5300,26.7990,867700,0.0000,1.0000
2006-07-11,37.3300,37.5200,36.4600,37.0900,27.2098,1095500,0.0000,1.0000
2006-07-10,37.3800,37.5900,37.2200,37.4800,27.4959,554000,0.0000,1.0000
2006-07-07,37.3100,38.3500,37.1000,37.1900,27.2832,1000600,0.0000,1.0000
2006-07-06,37.1400,37.4700,37.0400,37.3800,27.4225,923500,0.0000,1.0000
2006-07-05,37.4900,37.8500,36.8100,37.2800,27.3492,1210700,0.0000,1.0000
2006-07-03,38.0100,38.1500,37.5600,38.0200,27.8921,452000,0.0000,1.0000
2006-06-30,37.3000,38.0700,37.2200,37.8100,27.7380,2300700,0.0000,1.0000
2006-06-29,36.8100,37.3100,36.5100,37.2900,27.3565,2586600,0.0000,1.0000
2006-06-28,36.3500,36.5700,35.7600,36.1900,26.5495,1369000,0.0000,1.0000
2006-06-27,36.5300,36.8500,36.2900,36.2900,26.6229,1307100,0.0000,1.0000
2006-06-26,36.7600,36.9500,36.2800,36.6700,26.9017,618850,0.0000,2.0000
2006-06-23,74.5000,74.6600,73.4000,73.4800,26.9530,1032000,0.0000,1.0000
2006-06-22,75.4000,75.5100,74.6200,74.9200,27.4812,713900,0.1400,1.0000
2006-06-21,74.1700,75.8400,74.1500,75.4800,27.6350,587700,0.0000,1.0000
2006-06-20,74.0900,75.0500,74.0400,74.3000,27.2030,544900,0.0000,1.0000
2006-06-19,74.5500,75.4800,73.8500,74.1500,27.1481,648400,0.0000,1.0000
2006-06-16,75.0800,75.2000,74.2900,74.8700,27.4117,564700,0.0000,1.0000
2006-06-15,72.1700,75.3000,72.1700,75.2000,27.5325,1015500,0.0000,1.0000
2006-06-14,73.0300,73.4900,70.8900,72.1500,26.4158,1346600,0.0000,1.0000
2006-06-13,76.2400,76.4200,72.9100,73.2300,26.8112,1529400,0.0000,1.0000
2006-06-12,76.3200,77.8700,76.0100,76.2400,27.9133,773400,0.0000,1.0000
2006-06-09,77.6250,78.3800,77.0700,77.6800,28.4405,696900,0.0000,1.0000
2006-06-08,77.5800,77.6800,75.5100,77.4700,28.3636,984100,0.0000,1.0000
2006-06-07,77.9600,78.8400,77.2100,77.3400,28.3160,761500,0.0000,1.0000
2006-06-06,78.5000,78.5280,76.7600,77.7300,28.4588,743300,0.0000,1.0000
2006-06-05,80.4600,80.4900,77.8300,78.0400,28.5723,926200,0.0000,1.0000
2006-06-02,79.7700,81.0700,79.6000,80.9400,29.6340,1014400,0.0000,1.0000
2006-06-01,79.1000,79.4800,78.4500,79.4500,29.0885,682200,0.0000,1.0000
2006-05-31,78.5000,79.3000,78.1200,79.1000,28.9604,912300,0.0000,1.0000
2006-05-30,79.2000,79.3000,77.7900,78.0200,28.5650,799800,0.0000,1.0000
2006-05-26,78.6500,79.7700,78.4700,79.4600,29.0922,592500,0.0000,1.0000
2006-05-25,78.1500,78.6300,77.6100,78.5800,28.7700,494400,0.0000,1.0000
2006-05-24,77.4700,78.1300,76.2200,77.7000,28.4478,1243600,0.0000,1.0000
2006-05-23,77.8000,79.0800,77.7200,77.7200,28.4551,727800,0.0000,1.0000
2006-05-22,77.3500,78.1700,76.3800,77.8100,28.4881,1202200,0.0000,1.0000
2006-05-19,76.2590,78.4100,76.1100,77.6100,28.4148,898300,0.0000,1.0000
2006-05-18,77.3500,78.0100,75.8600,75.9200,27.7961,893600,0.0000,1.0000
2006-05-17,78.1700,78.2800,76.5000,76.6400,28.0597,739900,0.0000,1.0000
2006-05-16,79.2350,79.6200,78.4600,78.5200,28.7480,464900,0.0000,1.0000
2006-05-15,78.8300,80.0000,78.8300,79.2900,29.0299,792900,0.0000,1.0000
2006-05-12,80.4400,81.2000,78.8200,78.9100,28.8908,624800,0.0000,1.0000
2006-05-11,82.1600,82.8900,80.4300,80.7200,29.5535,531200,0.0000,1.0000
2006-05-10,82.4400,83.0500,81.8800,82.5500,30.2235,615800,0.0000,1.0000
2006-05-09,83.3000,84.1200,82.9000,82.9400,30.3663,1053700,0.0000,1.0000
2006-05-08,83.7500,84.4400,83.2000,83.2900,30.4944,557000,0.0000,1.0000
2006-05-05,82.7400,83.7100,82.5600,83.5100,30.5750,598300,0.0000,1.0000
2006-05-04,82.4600,82.7500,82.0100,82.4500,30.1869,586100,0.0000,1.0000
2006-05-03,82.5000,82.5100,81.2200,81.9500,30.0038,435200,0.0000,1.0000
2006-05-02,82.1800,82.4900,81.0800,82.4900,30.2015,1062500,0.0000,1.0000
2006-05-01,84.6900,84.7300,81.4400,81.8600,29.9709,1605400,0.0000,1.0000
2006-04-28,84.8700,85.3200,84.0700,84.1900,30.8239,1015200,0.0000,1.0000
2006-04-27,86.0000,86.2100,84.8200,84.9600,31.1059,896700,0.0000,1.0000
2006-04-26,84.9200,87.2300,84.9200,86.0100,31.4903,1265500,0.0000,1.0000
2006-04-25,83.7000,83.9400,82.9500,83.5200,30.5786,667900,0.0000,1.0000
2006-04-24,83.9200,83.9200,82.8500,83.6700,30.6336,486200,0.0000,1.0000
2006-04-21,84.3100,84.5200,83.3300,83.6200,30.6152,442500,0.0000,1.0000
2006-04-20,83.2900,84.2600,83.2300,83.8700,30.7068,500500,0.0000,1.0000
2006-04-19,82.9800,83.4800,82.7300,83.2600,30.4834,450400,0.0000,1.0000
2006-04-18,82.0000,83.2600,81.8000,83.1500,30.4432,551900,0.0000,1.0000
2006-04-17,81.2200,82.5100,81.0800,81.7700,29.9379,514700,0.0000,1.0000
2006-04-13,80.6200,81.0300,80.1900,81.0000,29.6560,274000,0.0000,1.0000
2006-04-12,80.4600,81.5600,80.3600,80.7100,29.5498,555000,0.0000,1.0000
2006-04-11,81.8400,81.8700,79.9700,80.4800,29.4656,661900,0.0000,1.0000
2006-04-10,80.5200,82.1400,80.2300,81.7300,29.9233,912300,0.0000,1.0000
2006-04-07,81.9300,82.2000,80.2100,80.6400,29.5242,678900,0.0000,1.0000
2006-04-06,81.5800,82.0000,80.7600,81.8000,29.9489,793700,0.0000,1.0000
2006-04-05,81.9000,82.1700,81.1900,81.5800,29.8684,753900,0.0000,1.0000
2006-04-04,78.8300,81.8900,78.8300,81.8400,29.9635,1245500,0.0000,1.0000
2006-04-03,78.6600,79.9700,78.6600,79.0600,28.9457,1026100,0.0000,1.0000
2006-03-31,76.7400,78.6100,75.9300,78.2100,28.6345,1632200,0.0000,1.0000
2006-03-30,74.4200,75.2300,74.0000,74.3200,27.2103,269000,0.0000,1.0000
2006-03-29,73.6400,74.8700,73.5500,74.6000,27.3128,383900,0.0000,1.0000
2006-03-28,75.1400,75.1400,73.3000,73.6500,26.9650,622000,0.0000,1.0000
2006-03-27,75.0200,75.3300,74.7500,74.9900,27.4556,434900,0.0000,1.0000
2006-03-24,75.0000,75.3500,74.3700,75.1800,27.5252,373500,0.0000,1.0000
2006-03-23,76.0800,76.0800,75.0800,75.2100,27.5361,322600,0.0000,1.0000
2006-03-22,75.6600,76.2700,75.3000,76.2100,27.9023,341300,0.2800,1.0000
2006-03-21,77.2000,77.2000,75.6300,75.8100,27.6542,404400,0.0000,1.0000
2006-03-20,77.9300,78.1600,76.7900,76.7900,28.0117,476500,0.0000,1.0000
2006-03-17,77.8800,77.9400,77.4500,77.7900,28.3765,671800,0.0000,1.0000
2006-03-16,76.9000,77.8700,76.6500,77.6000,28.3072,404500,0.0000,1.0000
2006-03-15,76.6400,76.7300,76.0100,76.7000,27.9789,317100,0.0000,1.0000
2006-03-14,75.0000,76.6700,75.0000,76.6400,27.9570,460200,0.0000,1.0000
2006-03-13,75.7900,76.4100,75.0200,75.2700,27.4572,458000,0.0000,1.0000
2006-03-10,75.8100,75.9500,74.8100,75.9100,27.6907,431800,0.0000,1.0000
2006-03-09,75.6200,76.0500,75.1300,75.3900,27.5010,555200,0.0000,1.0000
2006-03-08,75.8400,76.1000,74.9500,75.3300,27.4791,376100,0.0000,1.0000
2006-03-07,75.9100,75.9900,75.4400,75.8600,27.6725,423900,0.0000,1.0000
2006-03-06,77.2500,77.2500,75.9000,76.1000,27.7600,410100,0.0000,1.0000
2006-03-03,77.2500,77.9000,76.7100,76.8500,28.0336,387500,0.0000,1.0000
2006-03-02,76.8700,77.6000,76.7000,77.5000,28.2707,606400,0.0000,1.0000
2006-03-01,76.6100,77.2300,76.5500,77.2300,28.1722,546800,0.0000,1.0000
2006-02-28,77.0500,77.7700,76.3400,76.7800,28.0081,766200,0.0000,1.0000
2006-02-27,76.9900,77.4800,76.4700,77.2400,28.1759,472400,0.0000,1.0000
2006-02-24,76.6000,77.2500,76.3800,76.7100,27.9825,488300,0.0000,1.0000
2006-02-23,76.2700,77.8400,76.2700,76.6900,27.9752,608300,0.0000,1.0000
2006-02-22,75.6900,76.5800,75.5200,76.5700,27.9315,615000,0.0000,1.0000
2006-02-21,76.6000,76.6000,75.0000,75.4300,27.5156,593000,0.0000,1.0000
2006-02-17,76.4500,76.9500,76.0800,76.3600,27.8549,523300,0.0000,1.0000
2006-02-16,75.8900,76.5000,75.6200,76.3500,27.8512,413500,0.0000,1.0000
2006-02-15,75.1800,76.3500,74.8700,75.7400,27.6287,478000,0.0000,1.0000
2006-02-14,74.0800,75.4000,73.5500,75.1800,27.4244,1023800,0.0000,1.0000
2006-02-13,74.5500,74.7500,73.7300,73.9100,26.9611,448600,0.0000,1.0000
2006-02-10,74.5300,74.8000,73.7500,74.4100,27.1435,604600,0.0000,1.0000
2006-02-09,74.7000,75.4700,74.5400,74.6500,27.2311,579900,0.0000,1.0000
2006-02-08,74.6300,75.0100,74.0400,75.0000,27.3587,832300,0.0000,1.0000
2006-02-07,76.5400,77.0900,74.3900,74.5700,27.2019,1031800,0.0000,1.0000
2006-02-06,76.1300,76.7400,76.0000,76.3000,27.8330,447700,0.0000,1.0000
2006-02-03,76.1400,77.1000,76.0500,76.4400,27.8840,586000,0.0000,1.0000
2006-02-02,76.4900,76.9400,76.2500,76.8200,28.0227,501600,0.0000,1.0000
2006-02-01,76.0800,76.9700,75.3700,76.6100,27.9460,695800,0.0000,1.0000
2006-01-31,76.6700,77.1200,76.2100,76.4300,27.8804,482300,0.0000,1.0000
2006-01-30,78.6000,78.6740,76.7600,76.9300,28.0628,623400,0.0000,1.0000
2006-01-27,79.8100,79.8100,77.8100,78.1200,28.4969,604900,0.0000,1.0000
2006-01-26,77.7900,79.3300,77.3300,79.0900,28.8507,558700,0.0000,1.0000
2006-01-25,76.6900,77.8700,76.6900,77.2000,28.1613,538000,0.0000,1.0000
2006-01-24,76.5000,77.3700,76.2900,76.8500,28.0336,568200,0.0000,1.0000
2006-01-23,75.8200,77.0800,75.7000,76.1800,27.7892,341600,0.0000,1.0000
2006-01-20,76.6300,78.0840,75.2300,75.6200,27.5849,717200,0.0000,1.0000
2006-01-19,76.2000,77.4200,75.9300,76.6900,27.9752,490300,0.0000,1.0000
2006-01-18,75.1200,76.0200,74.7500,76.0200,27.7308,830700,0.0000,1.0000
2006-01-17,75.5700,75.5700,74.3300,75.0300,27.3697,509100,0.0000,1.0000
2006-01-13,76.4900,76.7100,75.5900,76.0100,27.7272,310600,0.0000,1.0000
2006-01-12,76.5000,77.1200,75.9600,76.1900,27.7928,479700,0.0000,1.0000
2006-01-11,74.7600,76.6000,74.7400,76.4300,27.8804,494600,0.0000,1.0000
2006-01-10,74.7200,74.9500,74.1200,74.5800,27.2055,359300,0.0000,1.0000
2006-01-09,74.1600,74.9200,73.5500,74.8600,27.3077,425900,0.0000,1.0000
2006-01-06,73.5000,74.3000,73.2800,73.8600,26.9429,634000,0.0000,1.0000
2006-01-05,73.6200,73.8200,72.8300,73.2600,26.7240,482000,0.0000,1.0000
2006-01-04,72.9910,74.0200,72.9910,73.3200,26.7459,642700,0.0000,1.0000
2006-01-03,72.3700,73.1700,71.1100,72.9900,26.6255,736500,0.0000,1.0000
2005-12-30,71.6550,72.2100,71.5200,72.0300,26.2753,325200,0.0000,1.0000
2005-12-29,72.8300,72.8300,72.0200,72.0500,26.2826,262000,0.0000,1.0000
2005-12-28,71.9500,72.7800,71.8100,72.5400,26.4614,526800,0.2800,1.0000
2005-12-27,73.2700,73.9200,72.5000,72.5000,26.3451,393600,0.0000,1.0000
2005-12-23,72.8000,73.6500,72.7600,73.3000,26.6358,236800,0.0000,1.0000
2005-12-22,72.7100,72.9900,72.0100,72.6800,26.4105,238200,0.0000,1.0000
2005-12-21,72.7100,72.9400,72.0600,72.5200,26.3524,425500,0.0000,1.0000
2005-12-20,73.5300,73.5300,72.2600,72.3500,26.2906,1034000,0.0000,1.0000
2005-12-19,74.2900,74.8800,73.1600,73.4800,26.7012,658500,0.0000,1.0000
2005-12-16,74.7000,75.3500,74.1900,74.5000,27.0719,751100,0.0000,1.0000
2005-12-15,74.9600,75.4000,74.5600,74.7000,27.1445,800300,0.0000,1.0000
2005-12-14,73.9800,74.9600,73.8200,74.7300,27.1554,409600,0.0000,1.0000
2005-12-13,73.3000,74.4000,72.8300,74.1200,26.9338,392500,0.0000,1.0000
2005-12-12,73.6200,73.9900,73.1700,73.5300,26.7194,396800,0.0000,1.0000
2005-12-09,73.0000,73.8100,72.5100,73.3600,26.6576,361200,0.0000,1.0000
2005-12-08,72.6500,73.1800,72.0800,72.7400,26.4323,382400,0.0000,1.0000
2005-12-07,72.7600,72.7600,72.1000,72.5400,26.3596,357900,0.0000,1.0000
2005-12-06,73.0500,73.5500,72.5200,72.6500,26.3996,486300,0.0000,1.0000
2005-12-05,73.1000,73.1400,72.3400,73.0500,26.5450,470500,0.0000,1.0000
2005-12-02,72.1000,73.0700,71.8700,73.0300,26.5377,386400,0.0000,1.0000
2005-12-01,72.1200,72.8300,72.0800,72.3600,26.2942,456400,0.0000,1.0000
2005-11-30,72.8400,73.2600,71.5700,71.9500,26.1452,764900,0.0000,1.0000
2005-11-29,73.3900,73.4900,72.6060,72.8200,26.4614,607300,0.0000,1.0000
2005-11-28,73.8600,73.9200,72.7400,72.9800,26.5195,616500,0.0000,1.0000
2005-11-25,72.8500,73.9500,72.2400,73.8600,26.8393,341200,0.0000,1.0000
2005-11-23,71.9000,73.0500,71.7600,72.3600,26.2942,317500,0.0000,1.0000
2005-11-22,71.6600,71.9000,71.0400,71.7800,26.0835,602300,0.0000,1.0000
2005-11-21,71.0100,71.9000,70.6700,71.8000,26.0907,275600,0.0000,1.0000
2005-11-18,71.0400,71.2000,70.3500,71.0100,25.8037,459200,0.0000,1.0000
2005-11-17,69.9300,70.8300,69.4900,70.7200,25.6983,406000,0.0000,1.0000
2005-11-16,69.4500,69.6500,68.9300,69.4900,25.2513,351300,0.0000,1.0000
2005-11-15,69.3900,69.8500,68.7500,69.1400,25.1241,476200,0.0000,1.0000
2005-11-14,69.6600,69.9600,69.3000,69.8600,25.3858,263100,0.0000,1.0000
2005-11-11,69.5900,69.9800,69.3000,69.7700,25.3531,352300,0.0000,1.0000
2005-11-10,68.3300,69.6100,68.0000,69.5400,25.2695,579900,0.0000,1.0000
2005-11-09,67.4400,68.9800,67.2000,68.0900,24.7426,542900,0.0000,1.0000
2005-11-08,67.3500,67.8500,67.2000,67.5500,24.5464,252400,0.0000,1.0000
2005-11-07,67.0400,67.9600,66.9400,67.6100,24.5682,331000,0.0000,1.0000
2005-11-04,67.2400,67.6300,66.2800,67.2700,24.4446,433000,0.0000,1.0000
2005-11-03,67.1100,67.6900,66.6000,67.0900,24.3792,784600,0.0000,1.0000
2005-11-02,66.1500,67.3600,65.8500,66.8700,24.2993,573600,0.0000,1.0000
2005-11-01,65.6300,66.1000,65.2700,66.0200,23.9904,673800,0.0000,1.0000
2005-10-31,64.8600,65.9800,64.5900,65.5200,23.8087,633400,0.0000,1.0000
2005-10-28,64.8200,64.9700,63.4100,64.7700,23.5362,531000,0.0000,1.0000
2005-10-27,64.9500,65.6300,63.9500,64.3900,23.3981,379500,0.0000,1.0000
2005-10-26,64.9000,66.0000,64.5600,64.8300,23.5580,485400,0.0000,1.0000
2005-10-25,64.7300,65.0500,63.7000,64.7400,23.5253,429600,0.0000,1.0000
2005-10-24,63.4600,65.0900,63.4000,65.0400,23.6343,529600,0.0000,1.0000
2005-10-21,63.7400,64.0900,62.4000,63.1400,22.9439,632400,0.0000,1.0000
2005-10-20,63.3400,64.2000,62.5000,62.8400,22.8348,606300,0.0000,1.0000
2005-10-19,61.3600,63.4400,61.1000,63.4400,23.0529,612000,0.0000,1.0000
2005-10-18,61.8300,62.5700,61.5600,61.6000,22.3842,352900,0.0000,1.0000
2005-10-17,61.8600,62.6600,61.7400,62.0200,22.5369,431500,0.0000,1.0000
2005-10-14,60.7800,62.3100,60.7800,62.0500,22.5478,1010900,0.0000,1.0000
2005-10-13,61.3000,61.3200,60.2100,60.9000,22.1299,1013300,0.0000,1.0000
2005-10-12,62.5100,62.9500,60.6600,61.3000,22.2752,1036200,0.0000,1.0000
2005-10-11,63.6600,64.2800,62.3200,62.6600,22.7694,746500,0.0000,1.0000
2005-10-10,63.1800,64.2700,63.1100,63.6800,23.1401,494700,0.0000,1.0000
2005-10-07,64.1800,64.1800,63.1600,63.2100,22.9693,599600,0.0000,1.0000
2005-10-06,64.0100,64.6500,63.4300,63.8600,23.2055,645300,0.0000,1.0000
2005-10-05,64.5000,64.9200,63.9100,63.9500,23.2382,471000,0.0000,1.0000
2005-10-04,65.5000,65.7900,64.6100,64.6500,23.4926,504200,0.0000,1.0000
2005-10-03,65.3000,65.5700,64.7000,65.2400,23.7070,414300,0.0000,1.0000
2005-09-30,64.3500,65.5500,64.3500,65.3000,23.7288,693200,0.0000,1.0000
2005-09-29,63.3000,64.7900,63.0000,64.7300,23.5216,386300,0.0000,1.0000
2005-09-28,63.7200,64.4200,63.0800,63.3400,23.0165,364600,0.0000,1.0000
2005-09-27,63.0000,63.8000,62.6700,63.2600,22.9875,389900,0.0000,1.0000
2005-09-26,63.1000,63.8100,62.4300,63.0100,22.8966,381000,0.0000,1.0000
2005-09-23,62.8200,63.3400,61.8500,62.8900,22.8530,349700,0.0000,1.0000
2005-09-22,61.8500,62.8000,61.5100,62.8000,22.8203,741400,0.2300,1.0000
2005-09-21,64.2200,64.2800,61.9800,62.0400,22.4619,974100,0.0000,1.0000
2005-09-20,63.6200,64.8800,63.5900,64.4500,23.3344,849400,0.0000,1.0000
2005-09-19,63.8400,63.8400,62.7800,63.5900,23.0231,398600,0.0000,1.0000
2005-09-16,63.6700,64.2300,63.3400,63.9800,23.1643,1651400,0.0000,1.0000
2005-09-15,63.1100,63.5000,62.7000,63.1300,22.8565,290800,0.0000,1.0000
2005-09-14,63.7500,63.8200,62.7000,62.9700,22.7986,282500,0.0000,1.0000
2005-09-13,64.2100,64.3100,63.0200,63.4400,22.9687,600700,0.0000,1.0000
2005-09-12,63.5500,64.2400,63.3900,63.9500,23.1534,548900,0.0000,1.0000
2005-09-09,63.1700,63.8500,62.9100,63.3700,22.9434,309500,0.0000,1.0000
2005-09-08,63.3700,63.5100,62.8400,63.0400,22.8239,236600,0.0000,1.0000
2005-09-07,63.8100,64.0000,63.3200,63.4000,22.9543,503300,0.0000,1.0000
2005-09-06,62.9500,63.9100,62.9200,63.6000,23.0267,378300,0.0000,1.0000
2005-09-02,63.4900,63.6200,62.8200,62.9400,22.7877,305800,0.0000,1.0000
2005-09-01,62.8700,64.1700,62.8700,63.2700,22.9072,539400,0.0000,1.0000
2005-08-31,62.6300,63.0000,61.9500,63.0000,22.8094,788400,0.0000,1.0000
2005-08-30,63.7000,63.7000,62.4200,62.7500,22.7189,613200,0.0000,1.0000
2005-08-29,63.9600,64.2100,63.4600,64.0000,23.1715,367300,0.0000,1.0000
2005-08-26,64.0700,64.7400,64.0700,64.1700,23.2330,492800,0.0000,1.0000
2005-08-25,63.8600,64.5300,63.7900,64.3700,23.3055,374200,0.0000,1.0000
2005-08-24,63.7800,65.1100,63.4700,64.0700,23.1968,771500,0.0000,1.0000
2005-08-23,64.6500,64.6800,63.4900,63.7500,23.0810,585300,0.0000,1.0000
2005-08-22,63.8100,64.8700,63.8000,64.3100,23.2837,300000,0.0000,1.0000
2005-08-19,64.0600,64.2900,63.7900,63.9300,23.1462,233500,0.0000,1.0000
2005-08-18,64.1200,64.3400,63.7530,63.9800,23.1643,432300,0.0000,1.0000
2005-08-17,63.9400,64.4100,63.7500,64.2500,23.2620,411800,0.0000,1.0000
2005-08-16,65.6600,65.7500,63.9500,64.0000,23.1715,713200,0.0000,1.0000
2005-08-15,65.5600,65.8100,65.1800,65.5300,23.7254,351400,0.0000,1.0000
2005-08-12,66.0900,66.3000,65.2000,65.6300,23.7616,217600,0.0000,1.0000
2005-08-11,65.8300,66.3300,65.5000,66.2800,23.9970,333200,0.0000,1.0000
2005-08-10,65.7000,67.3500,65.5200,65.8900,23.8558,539900,0.0000,1.0000
2005-08-09,65.5100,66.0800,65.2900,65.7100,23.7906,353200,0.0000,1.0000
2005-08-08,65.5000,65.9100,65.1100,65.3800,23.6711,294000,0.0000,1.0000
2005-08-05,66.1100,66.2400,65.0600,65.3400,23.6567,482100,0.0000,1.0000
2005-08-04,67.4800,67.7700,66.2700,66.3400,24.0187,545700,0.0000,1.0000
2005-08-03,67.3200,68.0440,66.9600,67.7200,24.5183,443800,0.0000,1.0000
2005-08-02,67.0400,67.8600,66.9500,67.4300,24.4133,460500,0.0000,1.0000
2005-08-01,66.9400,67.4600,66.3500,66.8900,24.2178,768500,0.0000,1.0000
2005-07-29,67.0400,67.3500,66.3500,66.3500,24.0223,477300,0.0000,1.0000
2005-07-28,66.5800,66.8900,65.7800,66.8900,24.2178,618400,0.0000,1.0000
2005-07-27,66.6200,67.2300,65.7200,66.2100,23.9716,922400,0.0000,1.0000
2005-07-26,66.2700,66.5000,65.4800,66.2800,23.9970,656400,0.0000,1.0000
2005-07-25,66.5700,66.7500,66.2600,66.5000,24.0766,519400,0.0000,1.0000
2005-07-22,66.4800,66.8400,66.2300,66.7400,24.1635,542200,0.0000,1.0000
2005-07-21,66.7500,66.9300,65.7900,66.4400,24.0549,639400,0.0000,1.0000
2005-07-20,67.4000,67.6400,66.7900,66.8400,24.1997,947800,0.0000,1.0000
2005-07-19,66.2400,67.7800,66.2100,67.2600,24.3518,893100,0.0000,1.0000
2005-07-18,65.5800,66.3100,65.5800,66.1100,23.9354,501200,0.0000,1.0000
2005-07-15,65.5300,65.7700,64.9200,65.7400,23.8015,546400,0.0000,1.0000
2005-07-14,65.2800,66.0100,65.2800,65.5900,23.7472,335900,0.0000,1.0000
2005-07-13,65.3700,65.4900,65.0300,65.3000,23.6422,200800,0.0000,1.0000
2005-07-12,64.4800,65.4900,64.3800,65.3600,23.6639,674900,0.0000,1.0000
2005-07-11,64.2100,64.7500,64.0200,64.5400,23.3670,476000,0.0000,1.0000
2005-07-08,63.3300,64.1100,63.0700,64.1000,23.2077,732600,0.0000,1.0000
2005-07-07,63.5000,63.5700,62.5600,63.4900,22.9869,583800,0.0000,1.0000
2005-07-06,63.3700,63.8600,62.9800,63.4800,22.9832,590700,0.0000,1.0000
2005-07-05,62.6690,63.4200,62.4000,63.1400,22.8601,437100,0.0000,1.0000
2005-07-01,62.8400,62.8500,62.1400,62.5900,22.6610,374700,0.0000,1.0000
2005-06-30,62.9300,63.5000,62.5400,62.6000,22.6646,826300,0.0000,1.0000
2005-06-29,62.6600,62.9500,62.4000,62.7300,22.7117,416100,0.0000,1.0000
2005-06-28,61.3800,62.8200,61.2000,62.7400,22.7153,783600,0.0000,1.0000
2005-06-27,61.1900,61.6000,60.8700,61.1700,22.1469,555300,0.0000,1.0000
2005-06-24,60.2400,61.3500,59.9900,61.2300,22.1686,1122400,0.0000,1.0000
2005-06-23,60.5500,60.8300,59.9200,60.0100,21.7269,942700,0.0000,1.0000
2005-06-22,61.2600,61.4400,60.7400,61.1100,22.1252,501400,0.2300,1.0000
2005-06-21,60.9100,61.0700,60.5100,60.8900,21.9628,275700,0.0000,1.0000
2005-06-20,61.0500,61.1400,60.5300,60.9800,21.9953,411600,0.0000,1.0000
2005-06-17,61.4700,61.6900,60.3300,61.2300,22.0855,682300,0.0000,1.0000
2005-06-16,61.0800,61.4600,60.9400,61.1450,22.0548,305000,0.0000,1.0000
2005-06-15,60.8200,61.0800,60.3700,60.9400,21.9809,341600,0.0000,1.0000
2005-06-14,60.6400,61.1700,60.6400,60.9700,21.9917,241300,0.0000,1.0000
2005-06-13,60.7800,61.3800,60.4700,60.7600,21.9160,340000,0.0000,1.0000
2005-06-10,61.0400,61.3200,60.5400,60.8800,21.9592,214400,0.0000,1.0000
2005-06-09,60.2100,61.2000,59.8300,61.0700,22.0278,424500,0.0000,1.0000
2005-06-08,60.6100,60.8600,60.1100,60.1700,21.7031,319100,0.0000,1.0000
2005-06-07,60.2600,61.0900,60.2600,60.4800,21.8150,438000,0.0000,1.0000
2005-06-06,60.0700,60.5400,59.5000,60.3300,21.7609,447900,0.0000,1.0000
2005-06-03,60.5600,60.9200,59.5500,59.9200,21.6130,456300,0.0000,1.0000
2005-06-02,59.8900,60.4000,59.6500,60.3400,21.7645,341200,0.0000,1.0000
2005-06-01,59.6700,60.4100,59.4500,59.7600,21.5553,468700,0.0000,1.0000
2005-05-31,59.4800,59.7900,59.0700,59.6600,21.5192,497500,0.0000,1.0000
2005-05-27,59.2400,59.5300,59.0000,59.3600,21.4110,167800,0.0000,1.0000
2005-05-26,58.4700,59.2300,58.3700,59.0600,21.3028,636900,0.0000,1.0000
2005-05-25,59.0100,59.1100,58.1400,58.3300,21.0395,673100,0.0000,1.0000
2005-05-24,59.7200,59.7600,58.9300,59.2800,21.3821,489000,0.0000,1.0000
2005-05-23,59.6400,59.9300,59.2500,59.7200,21.5408,543700,0.0000,1.0000
2005-05-20,59.5800,59.5800,58.8300,59.5300,21.4723,430500,0.0000,1.0000
2005-05-19,59.1800,59.6200,58.9300,59.4900,21.4579,289100,0.0000,1.0000
2005-05-18,58.4250,59.9000,58.3800,59.1200,21.3244,851500,0.0000,1.0000
2005-05-17,57.6400,58.5500,57.1800,58.2900,21.0250,556500,0.0000,1.0000
2005-05-16,56.4900,58.0500,56.4600,57.9200,20.8916,440300,0.0000,1.0000
2005-05-13,57.0800,57.2500,56.0000,56.3400,20.3217,523000,0.0000,1.0000
2005-05-12,57.6700,58.1800,56.8500,56.9600,20.5453,579100,0.0000,1.0000
2005-05-11,56.9200,57.9600,56.8100,57.8000,20.8483,542700,0.0000,1.0000
2005-05-10,57.0200,57.2500,56.5100,56.9300,20.5345,746400,0.0000,1.0000
2005-05-09,56.9300,57.5700,56.3900,57.4300,20.7148,365800,0.0000,1.0000
2005-05-06,57.9000,57.9000,56.9600,57.1400,20.6102,493200,0.0000,1.0000
2005-05-05,57.2000,57.8200,56.7800,57.4500,20.7220,584900,0.0000,1.0000
2005-05-04,56.3800,57.6200,56.1300,57.2600,20.6535,889600,0.0000,1.0000
2005-05-03,55.0700,56.5500,54.9800,55.9800,20.1918,885000,0.0000,1.0000
2005-05-02,55.4000,55.5300,54.4300,55.1300,19.8852,813100,0.0000,1.0000
2005-04-29,54.6000,55.3400,54.1900,55.1700,19.8997,1221800,0.0000,1.0000
2005-04-28,55.8300,55.9500,54.6300,54.8200,19.7734,858700,0.0000,1.0000
2005-04-27,55.8200,56.5100,55.0000,56.0500,20.2171,779400,0.0000,1.0000
2005-04-26,55.7000,57.3900,55.3600,55.9700,20.1882,888300,0.0000,1.0000
2005-04-25,55.0400,56.2900,54.8700,56.1600,20.2567,649000,0.0000,1.0000
2005-04-22,56.2300,56.5000,54.4700,54.9600,19.8239,804200,0.0000,1.0000
2005-04-21,55.4000,56.5300,54.2300,56.4900,20.3758,1046100,0.0000,1.0000
2005-04-20,55.8900,56.5000,55.2000,55.3000,19.9465,756800,0.0000,1.0000
2005-04-19,55.4600,56.4200,55.4600,56.2400,20.2856,723300,0.0000,1.0000
2005-04-18,55.5500,55.7800,54.7100,55.4600,20.0043,802700,0.0000,1.0000
2005-04-15,56.1700,56.8100,55.1900,55.3400,19.9610,834900,0.0000,1.0000
2005-04-14,56.9000,57.3300,56.4200,56.5400,20.3938,688000,0.0000,1.0000
2005-04-13,57.8000,57.8100,56.5900,57.0400,20.5742,870100,0.0000,1.0000
2005-04-12,57.4200,58.1700,56.4300,57.8700,20.8735,939200,0.0000,1.0000
2005-04-11,58.5000,58.7200,57.6100,57.7100,20.8158,581000,0.0000,1.0000
2005-04-08,59.0200,59.1900,58.3100,58.6000,21.1369,511400,0.0000,1.0000
2005-04-07,59.0000,59.2500,58.4200,58.9500,21.2631,664700,0.0000,1.0000
2005-04-06,59.2000,60.0000,58.9200,59.0600,21.3028,717300,0.0000,1.0000
2005-04-05,59.8800,60.5200,59.1400,59.2700,21.3785,699600,0.0000,1.0000
2005-04-04,58.8800,59.9000,57.9900,59.5800,21.4903,725100,0.0000,1.0000
2005-04-01,59.4300,60.3500,58.5300,58.7900,21.2054,600500,0.0000,1.0000
2005-03-31,59.5200,59.5400,58.7900,59.3800,21.4182,767900,0.0000,1.0000
2005-03-30,58.8200,59.6680,58.7600,59.4700,21.4507,518300,0.0000,1.0000
2005-03-29,59.5700,60.0500,58.5600,58.6800,21.1657,540900,0.0000,1.0000
2005-03-28,59.6100,60.0800,59.4000,59.6700,21.5228,519100,0.0000,1.0000
2005-03-24,59.1400,59.8300,58.9200,59.3100,21.3929,481500,0.0000,1.0000
2005-03-23,59.5200,59.5800,58.6500,59.0800,21.3100,641300,0.0000,1.0000
2005-03-22,61.4400,61.7800,59.6600,59.8000,21.5697,849400,0.2300,1.0000
2005-03-21,61.8800,62.1100,61.4300,61.6400,22.1482,791500,0.0000,1.0000
2005-03-18,61.4100,62.2300,61.3200,61.9600,22.2632,1047000,0.0000,1.0000
2005-03-17,61.1900,61.6900,60.6700,61.3000,22.0260,505900,0.0000,1.0000
2005-03-16,61.4000,61.4000,60.8200,61.4000,22.0619,592000,0.0000,1.0000
2005-03-15,62.2500,62.7300,61.4100,61.4700,22.0871,489500,0.0000,1.0000
2005-03-14,61.3800,62.3600,61.1800,62.1600,22.3350,431600,0.0000,1.0000
2005-03-11,62.3500,62.5000,60.8200,61.0800,21.9470,697300,0.0000,1.0000
2005-03-10,63.1300,63.1800,62.1900,62.5900,22.4895,467800,0.0000,1.0000
2005-03-09,63.2500,63.4000,62.5700,62.7800,22.5578,640500,0.0000,1.0000
2005-03-08,62.8200,63.5200,62.4200,63.3000,22.7446,784200,0.0000,1.0000
2005-03-07,62.9400,63.4500,62.5500,62.9600,22.6225,390000,0.0000,1.0000
2005-03-04,62.1600,63.4200,62.1500,62.8000,22.5650,535800,0.0000,1.0000
2005-03-03,62.7900,63.0500,61.5500,62.0000,22.2775,581500,0.0000,1.0000
2005-03-02,62.7500,63.3600,61.8700,62.5300,22.4680,580700,0.0000,1.0000
2005-03-01,60.9600,62.9000,60.9200,62.6100,22.4967,806200,0.0000,1.0000
2005-02-28,61.3900,61.4100,60.7600,61.3900,22.0584,575000,0.0000,1.0000
2005-02-25,59.9500,61.4100,59.9500,61.2900,22.0224,580200,0.0000,1.0000
2005-02-24,59.6600,60.1100,59.3100,60.0400,21.5733,620000,0.0000,1.0000
2005-02-23,59.7800,60.2200,59.5400,59.8000,21.4870,580800,0.0000,1.0000
2005-02-22,60.5200,61.0700,60.0200,60.1000,21.5948,909400,0.0000,1.0000
2005-02-18,61.3300,61.3700,60.6300,60.8300,21.8571,602700,0.0000,1.0000
2005-02-17,61.2200,61.4300,61.0200,61.1200,21.9613,427400,0.0000,1.0000
2005-02-16,61.2000,61.5600,60.8900,61.4200,22.0691,464800,0.0000,1.0000
2005-02-15,60.9600,61.7900,60.9100,61.4800,22.0907,478900,0.0000,1.0000
2005-02-14,60.9500,61.2900,60.8200,60.9800,21.9110,501600,0.0000,1.0000
2005-02-11,59.5700,61.0700,59.3100,60.9300,21.8931,596300,0.0000,1.0000
2005-02-10,58.9100,59.5900,58.6900,59.5400,21.3936,322200,0.0000,1.0000
2005-02-09,58.7100,59.4500,58.7100,58.8700,21.1529,616100,0.0000,1.0000
2005-02-08,59.3800,59.4700,58.6500,58.8500,21.1457,559700,0.0000,1.0000
2005-02-07,60.0100,60.1500,59.0900,59.3700,21.3325,488600,0.0000,1.0000
2005-02-04,59.3200,60.2200,58.7900,60.0100,21.5625,609700,0.0000,1.0000
2005-02-03,59.8700,60.3400,58.9300,59.2000,21.2715,533400,0.0000,1.0000
2005-02-02,60.2300,60.4200,59.7200,60.1200,21.6020,538800,0.0000,1.0000
2005-02-01,59.9600,60.7500,59.5000,60.4300,21.7134,571200,0.0000,1.0000
2005-01-31,59.0200,59.8500,58.8400,59.8500,21.5050,787700,0.0000,1.0000
2005-01-28,59.3500,59.4000,57.9100,58.7600,21.1134,1282600,0.0000,1.0000
2005-01-27,58.1000,59.3000,57.7300,58.8800,21.1565,639800,0.0000,1.0000
2005-01-26,58.6000,58.6100,57.9200,58.1000,20.8762,494900,0.0000,1.0000
2005-01-25,58.5200,59.0500,58.0600,58.2000,20.9121,456400,0.0000,1.0000
2005-01-24,57.9300,58.6500,57.6300,57.9800,20.8331,579600,0.0000,1.0000
2005-01-21,58.1100,58.6300,57.6600,57.8900,20.8008,753600,0.0000,1.0000
2005-01-20,59.6500,59.7100,57.5600,58.4000,20.9840,836000,0.0000,1.0000
2005-01-19,59.8100,59.8200,59.2400,59.3500,21.3254,477200,0.0000,1.0000
2005-01-18,58.7700,59.7200,58.5000,59.7200,21.4583,503500,0.0000,1.0000
2005-01-14,58.8400,59.4800,58.7400,59.1500,21.2535,730400,0.0000,1.0000
2005-01-13,59.0700,59.6500,58.6500,58.8100,21.1313,670600,0.0000,1.0000
2005-01-12,59.1700,59.5300,58.6700,59.3100,21.3110,777800,0.0000,1.0000
2005-01-11,59.8400,60.2500,59.2200,59.4900,21.3757,582300,0.0000,1.0000
2005-01-10,59.7600,60.7300,59.3200,59.9400,21.5373,510900,0.0000,1.0000
2005-01-07,60.3600,60.5700,59.7300,59.8100,21.4906,385300,0.0000,1.0000
2005-01-06,59.5700,60.8700,59.5700,60.2600,21.6523,772000,0.0000,1.0000
2005-01-05,59.8100,60.3000,59.6500,59.6900,21.4475,732500,0.0000,1.0000
2005-01-04,61.6900,61.7100,59.6500,59.9400,21.5373,976600,0.0000,1.0000
2005-01-03,62.4600,62.6400,61.4100,61.6600,22.1554,1064200,0.0000,1.0000
2004-12-31,62.6200,62.6700,61.8600,62.2000,22.3494,548200,0.0000,1.0000
2004-12-30,62.4300,62.6700,62.0300,62.2000,22.3494,348700,0.0000,1.0000
2004-12-29,62.4500,62.5000,61.7900,61.9500,22.2596,446200,0.0000,1.0000
2004-12-28,62.2400,62.5800,62.1300,62.3600,22.4069,525100,0.0000,1.0000
2004-12-27,63.3200,63.3900,62.0400,62.2500,22.3674,355400,0.0000,1.0000
2004-12-23,63.1500,63.3700,62.6500,62.7400,22.5434,469500,0.0000,1.0000
2004-12-22,61.2200,63.1300,61.1500,63.1300,22.6836,914100,0.2300,1.0000
2004-12-21,61.5800,62.3100,61.4600,62.2300,22.2790,672900,0.0000,1.0000
2004-12-20,61.2100,61.7500,61.1800,61.5500,22.0356,552200,0.0000,1.0000
2004-12-17,61.1900,62.0600,61.0800,61.3200,21.9532,832600,0.0000,1.0000
2004-12-16,62.6600,62.7100,61.9600,62.1100,22.2361,510100,0.0000,1.0000
2004-12-15,62.4500,62.6900,61.8700,62.5200,22.3828,736400,0.0000,1.0000
2004-12-14,62.1300,62.8400,61.9000,62.6200,22.4186,726400,0.0000,1.0000
2004-12-13,61.9900,62.1600,61.1700,62.0200,22.2038,598200,0.0000,1.0000
2004-12-10,60.9300,61.7900,60.6300,61.5100,22.0212,576100,0.0000,1.0000
2004-12-09,60.6000,61.2100,60.0000,61.1800,21.9031,609800,0.0000,1.0000
2004-12-08,60.3000,60.9100,60.1600,60.7500,21.7492,364900,0.0000,1.0000
2004-12-07,60.7800,61.3600,60.2900,60.2900,21.5845,470900,0.0000,1.0000
2004-12-06,60.3000,60.8700,59.9400,60.6700,21.7205,658300,0.0000,1.0000
2004-12-03,60.1800,60.5200,59.7300,60.3800,21.6167,468300,0.0000,1.0000
2004-12-02,60.5100,60.8000,59.6500,60.1000,21.5164,408600,0.0000,1.0000
2004-12-01,59.1000,60.6600,59.1000,60.6600,21.7169,603900,0.0000,1.0000
2004-11-30,59.0000,59.1700,58.3600,59.1600,21.1799,637000,0.0000,1.0000
2004-11-29,58.7100,59.7000,58.2900,59.1400,21.1728,711900,0.0000,1.0000
2004-11-26,59.1600,59.4100,59.0200,59.1200,21.1656,127400,0.0000,1.0000
2004-11-24,59.0200,59.5000,58.7800,59.0700,21.1477,338300,0.0000,1.0000
2004-11-23,58.5900,59.2300,57.9800,58.8800,21.0797,584100,0.0000,1.0000
2004-11-22,57.7600,58.5800,57.4400,58.5300,20.9544,496600,0.0000,1.0000
2004-11-19,59.0000,59.0200,57.4200,57.7400,20.6715,1046500,0.0000,1.0000
2004-11-18,59.4500,59.9000,58.9000,59.1900,21.1907,584100,0.0000,1.0000
2004-11-17,58.8500,60.2900,58.8500,59.2200,21.2014,807000,0.0000,1.0000
2004-11-16,59.3300,59.3900,58.6600,58.8700,21.0761,323100,0.0000,1.0000
2004-11-15,59.5000,59.6500,58.8600,59.3200,21.2372,934500,0.0000,1.0000
2004-11-12,59.2700,60.0200,58.4000,59.9700,21.4699,720300,0.0000,1.0000
2004-11-11,59.5800,59.6000,58.7200,59.2800,21.2229,784100,0.0000,1.0000
2004-11-10,59.5000,60.1300,59.1300,59.5300,21.3124,858800,0.0000,1.0000
2004-11-09,58.6900,60.0300,58.3700,59.6100,21.3410,1095900,0.0000,1.0000
2004-11-08,58.2100,58.6900,57.8200,58.5200,20.9508,876100,0.0000,1.0000
2004-11-05,56.9200,58.4300,56.9200,58.0900,20.7968,1311600,0.0000,1.0000
2004-11-04,56.5900,57.1700,56.1000,57.1000,20.4424,893800,0.0000,1.0000
2004-11-03,55.1400,57.1200,54.9200,56.7600,20.3207,1091800,0.0000,1.0000
2004-11-02,54.5500,55.3600,54.1800,54.7100,19.5868,841000,0.0000,1.0000
2004-11-01,55.5600,55.9800,54.6400,55.6900,19.9376,730800,0.0000,1.0000
2004-10-29,55.3400,56.1500,54.1400,55.7700,19.9663,1074600,0.0000,1.0000
2004-10-28,54.8100,55.7100,54.5700,55.3200,19.8052,915100,0.0000,1.0000
2004-10-27,52.1700,54.9700,51.9500,54.8000,19.6190,1095100,0.0000,1.0000
2004-10-26,50.6600,52.9200,50.6400,52.3900,18.7562,1114200,0.0000,1.0000
2004-10-25,50.3800,50.6200,49.4600,50.4800,18.0724,414800,0.0000,1.0000
2004-10-22,51.5100,52.0000,50.4000,50.5600,18.1010,484000,0.0000,1.0000
2004-10-21,50.2400,51.4600,50.2300,51.4600,18.4232,615300,0.0000,1.0000
2004-10-20,49.6100,50.4600,48.8400,50.4500,18.0616,607400,0.0000,1.0000
2004-10-19,50.0000,51.0500,49.5100,49.5400,17.7359,541900,0.0000,1.0000
2004-10-18,50.1200,50.4800,49.8700,50.1900,17.9686,449400,0.0000,1.0000
2004-10-15,50.2400,50.7800,49.8200,50.2200,17.9793,461200,0.0000,1.0000
2004-10-14,51.0900,51.2100,49.8700,49.9300,17.8755,659500,0.0000,1.0000
2004-10-13,51.5900,52.2200,50.7400,51.2400,18.3445,626200,0.0000,1.0000
2004-10-12,51.1100,51.8800,50.4100,51.7300,18.5199,643300,0.0000,1.0000
2004-10-11,50.7500,51.3000,50.6300,50.9500,18.2406,230600,0.0000,1.0000
2004-10-08,51.2700,51.4300,50.4800,50.6500,18.1332,286400,0.0000,1.0000
2004-10-07,51.7500,51.7500,50.9600,51.1700,18.3194,431200,0.0000,1.0000
2004-10-06,51.4700,51.7500,50.8400,51.7500,18.5271,490700,0.0000,1.0000
2004-10-05,51.9100,51.9600,51.2800,51.3400,18.3803,367200,0.0000,1.0000
2004-10-04,51.8800,52.1500,51.6300,51.9000,18.5808,402700,0.0000,1.0000
2004-10-01,50.8300,52.1000,50.8100,51.5800,18.4662,565500,0.0000,1.0000
2004-09-30,50.8700,50.9600,50.3400,50.9400,18.2371,821800,0.0000,1.0000
2004-09-29,49.0900,50.7000,49.0200,50.7000,18.1511,1434400,0.0000,1.0000
2004-09-28,49.4600,49.6000,48.7600,49.1200,17.5855,775000,0.0000,1.0000
2004-09-27,51.2000,51.2800,49.3500,49.3900,17.6822,676700,0.0000,1.0000
2004-09-24,50.2000,51.0000,50.0700,50.8900,18.2192,620400,0.0000,1.0000
2004-09-23,50.5300,50.9700,49.9800,50.1900,17.9686,921800,0.1900,1.0000
2004-09-22,52.0900,52.2100,51.2400,51.4400,18.3466,776700,0.0000,1.0000
2004-09-21,51.1000,52.4400,50.5100,52.3700,18.6783,558900,0.0000,1.0000
2004-09-20,51.0300,51.2900,50.6300,51.0200,18.1968,453400,0.0000,1.0000
2004-09-17,51.7900,51.8000,50.9700,51.2300,18.2717,565500,0.0000,1.0000
2004-09-16,51.0600,51.6000,50.8000,51.4700,18.3573,459000,0.0000,1.0000
2004-09-15,51.2800,51.4300,50.8100,50.9700,18.1790,335200,0.0000,1.0000
2004-09-14,51.1900,51.2900,50.7700,51.2200,18.2682,533900,0.0000,1.0000
2004-09-13,50.5500,51.1400,50.3000,51.1400,18.2396,477800,0.0000,1.0000
2004-09-10,49.5300,50.7100,49.1200,50.6000,18.0470,577000,0.0000,1.0000
2004-09-09,49.7900,50.0800,48.7700,49.6300,17.7011,987900,0.0000,1.0000
2004-09-08,50.6900,51.1900,50.2900,50.2900,17.9365,358600,0.0000,1.0000
2004-09-07,50.3300,51.0900,50.1400,50.9100,18.1576,483400,0.0000,1.0000
2004-09-03,50.0900,50.5700,49.6800,49.7300,17.7367,304300,0.0000,1.0000
2004-09-02,48.8500,50.0900,48.3900,49.9200,17.8045,487800,0.0000,1.0000
2004-09-01,49.6400,49.7900,48.6100,48.8400,17.4193,664100,0.0000,1.0000
2004-08-31,48.6900,49.6300,48.2500,49.5300,17.6654,520500,0.0000,1.0000
2004-08-30,49.4500,49.5400,48.9700,49.0500,17.4942,369000,0.0000,1.0000
2004-08-27,50.0100,50.4000,49.5100,49.6100,17.6939,371300,0.0000,1.0000
2004-08-26,49.8950,50.6300,49.6200,50.1500,17.8865,426700,0.0000,1.0000
2004-08-25,49.0200,49.9700,48.8000,49.9500,17.8152,283600,0.0000,1.0000
2004-08-24,48.9200,49.3900,48.7300,49.0400,17.4906,289400,0.0000,1.0000
2004-08-23,48.9400,49.1200,48.6100,48.9000,17.4407,440400,0.0000,1.0000
2004-08-20,48.4200,48.9700,48.0700,48.8700,17.4300,366200,0.0000,1.0000
2004-08-19,48.4200,48.5900,47.9600,48.3100,17.2303,360100,0.0000,1.0000
2004-08-18,48.1800,48.5900,47.8900,48.5200,17.3052,801900,0.0000,1.0000
2004-08-17,47.3000,48.4900,47.2300,48.0800,17.1482,708500,0.0000,1.0000
2004-08-16,46.0500,47.3900,45.8500,47.3900,16.9021,440800,0.0000,1.0000
2004-08-13,45.6300,46.0800,45.2500,45.9600,16.3921,342100,0.0000,1.0000
2004-08-12,45.9000,46.2400,45.2600,45.7700,16.3244,631900,0.0000,1.0000
2004-08-11,45.7000,46.7500,45.4400,46.0800,16.4349,704700,0.0000,1.0000
2004-08-10,45.1400,46.4600,44.9200,46.2900,16.5098,836100,0.0000,1.0000
2004-08-09,44.7500,45.2000,44.4900,44.6800,15.9356,351300,0.0000,1.0000
2004-08-06,45.3700,45.6100,44.5500,44.7100,15.9463,615300,0.0000,1.0000
2004-08-05,47.0200,47.1400,45.6300,45.6500,16.2816,423700,0.0000,1.0000
2004-08-04,46.3000,46.9930,45.8200,46.9500,16.7452,548300,0.0000,1.0000
2004-08-03,46.6100,46.8800,46.0100,46.3200,16.5205,541400,0.0000,1.0000
2004-08-02,46.1500,46.8100,45.7700,46.7900,16.6881,424000,0.0000,1.0000
2004-07-30,46.8700,46.9200,45.9000,46.2200,16.4849,666300,0.0000,1.0000
2004-07-29,46.6600,47.0400,46.2100,46.7100,16.6596,580000,0.0000,1.0000
2004-07-28,46.1500,46.9600,45.3600,46.7400,16.6703,929500,0.0000,1.0000
2004-07-27,43.8300,46.6000,43.8300,46.3100,16.5170,1242300,0.0000,1.0000
2004-07-26,45.3000,45.4300,44.3500,44.7600,15.9641,874000,0.0000,1.0000
2004-07-23,45.3000,45.6500,45.0100,45.2500,16.1389,644800,0.0000,1.0000
2004-07-22,45.3300,45.5900,44.4000,45.4500,16.2102,750800,0.0000,1.0000
2004-07-21,45.6300,46.6100,45.3200,45.4300,16.2031,743200,0.0000,1.0000
2004-07-20,44.5500,45.8100,44.3600,45.6200,16.2709,539400,0.0000,1.0000
2004-07-19,45.7500,45.7700,44.2200,44.6700,15.9320,746300,0.0000,1.0000
2004-07-16,45.9800,46.0000,44.9000,44.9400,16.0283,661900,0.0000,1.0000
2004-07-15,46.4700,46.8700,45.6100,45.7100,16.3030,1097300,0.0000,1.0000
2004-07-14,46.7500,47.0600,46.2800,46.6400,16.6347,419500,0.0000,1.0000
2004-07-13,47.3100,47.6200,46.5300,46.6900,16.6525,781900,0.0000,1.0000
2004-07-12,46.9000,47.4000,46.6300,47.2500,16.8522,387300,0.0000,1.0000
2004-07-09,46.9300,47.0700,46.6100,47.0300,16.7737,837200,0.0000,1.0000
2004-07-08,47.9100,48.0000,46.4100,46.7300,16.6668,1171900,0.0000,1.0000
2004-07-07,48.9800,49.0500,48.1600,48.2800,17.2196,834000,0.0000,1.0000
2004-07-06,50.0600,50.1600,49.0600,49.1200,17.5192,701900,0.0000,1.0000
2004-07-02,49.9500,50.5500,49.5700,50.2800,17.9329,448600,0.0000,1.0000
2004-07-01,50.4600,50.8000,49.2500,49.9400,17.8116,564800,0.0000,1.0000
2004-06-30,49.8500,50.6700,49.8300,50.4000,17.9757,679500,0.0000,1.0000
2004-06-29,49.2100,50.1100,48.8700,50.0000,17.8330,630800,0.0000,1.0000
2004-06-28,49.8700,50.1100,49.1200,49.2700,17.5727,516700,0.0000,1.0000
2004-06-25,49.2600,50.2100,49.1000,50.2100,17.9079,718200,0.0000,1.0000
2004-06-24,49.1000,49.5600,48.9510,48.9600,17.4621,327900,0.0000,1.0000
2004-06-23,48.4500,49.2600,48.2100,49.1500,17.5299,427100,0.1900,1.0000
2004-06-22,47.9100,48.8500,47.7800,48.5900,17.2634,583300,0.0000,1.0000
2004-06-21,48.6700,49.0300,47.9300,47.9700,17.0431,398200,0.0000,1.0000
2004-06-18,48.2800,49.6000,48.1600,48.6800,17.2954,652800,0.0000,1.0000
2004-06-17,48.1900,48.3500,47.4500,48.3200,17.1675,668800,0.0000,1.0000
2004-06-16,48.2400,48.6400,48.0000,48.3100,17.1639,275300,0.0000,1.0000
2004-06-15,48.6000,49.2200,48.0000,48.0600,17.0751,465700,0.0000,1.0000
2004-06-14,49.1100,49.1300,48.2100,48.5100,17.2350,357200,0.0000,1.0000
2004-06-10,49.2000,49.3300,48.9200,49.1100,17.4482,301200,0.0000,1.0000
2004-06-09,50.1100,50.2000,49.1400,49.3100,17.5192,551800,0.0000,1.0000
2004-06-08,50.1500,50.2800,49.7600,50.2500,17.8532,590900,0.0000,1.0000
2004-06-07,48.7500,50.1200,48.6600,50.0700,17.7892,555000,0.0000,1.0000
2004-06-04,48.3000,49.1100,48.3000,48.5000,17.2314,581500,0.0000,1.0000
2004-06-03,47.9800,48.3900,47.3500,48.1400,17.1035,699000,0.0000,1.0000
2004-06-02,48.4400,48.8200,47.7600,47.9500,17.0360,685900,0.0000,1.0000
2004-06-01,48.3500,48.4900,47.6600,48.2900,17.1568,751600,0.0000,1.0000
2004-05-28,48.3100,48.5600,48.1100,48.1600,17.1106,536700,0.0000,1.0000
2004-05-27,48.8300,49.0000,47.8215,48.4400,17.2101,623600,0.0000,1.0000
2004-05-26,48.5300,48.8300,48.1700,48.6200,17.2741,665300,0.0000,1.0000
2004-05-25,47.2100,48.4800,46.3500,48.3400,17.1746,644400,0.0000,1.0000
2004-05-24,46.8000,47.5900,46.6600,46.9800,16.6914,461700,0.0000,1.0000
2004-05-21,46.7500,47.2700,46.4500,46.9900,16.6949,594900,0.0000,1.0000
2004-05-20,46.9600,46.9700,46.3500,46.4300,16.4960,759800,0.0000,1.0000
2004-05-19,47.0900,48.2500,46.8500,46.9300,16.6736,1129000,0.0000,1.0000
2004-05-18,46.3700,47.2100,46.2600,46.7400,16.6061,641300,0.0000,1.0000
2004-05-17,46.9400,46.9400,46.1318,46.3500,16.4676,504200,0.0000,1.0000
2004-05-14,48.0100,48.4000,46.9400,47.1400,16.7482,720800,0.0000,1.0000
2004-05-13,48.6329,48.7200,47.7300,47.9000,17.0183,717100,0.0000,1.0000
2004-05-12,47.9000,48.7500,46.7700,48.6200,17.2741,1316800,0.0000,1.0000
2004-05-11,48.4100,49.2400,47.8700,48.1200,17.0964,809800,0.0000,1.0000
2004-05-10,48.8300,48.8600,47.2600,48.7300,17.3131,1314600,0.0000,1.0000
2004-05-07,49.7200,50.3300,48.2000,48.8300,17.3487,1069300,0.0000,1.0000
2004-05-06,51.0100,51.0100,49.6300,50.0000,17.7644,516600,0.0000,1.0000
2004-05-05,51.1400,51.9000,50.9600,51.2400,18.2049,797600,0.0000,1.0000
2004-05-04,51.3200,51.6400,50.1600,51.0500,18.1374,1345500,0.0000,1.0000
2004-05-03,51.1300,51.5300,50.7700,51.2400,18.2049,471100,0.0000,1.0000
2004-04-30,51.7300,52.0700,50.7700,51.2800,18.2191,664300,0.0000,1.0000
2004-04-29,52.1700,52.6400,51.1500,51.6500,18.3506,748700,0.0000,1.0000
2004-04-28,52.4400,52.7000,51.0600,51.9800,18.4678,1113100,0.0000,1.0000
2004-04-27,51.0100,53.0500,50.7500,52.7900,18.7556,1588600,0.0000,1.0000
2004-04-26,49.5600,50.3600,49.4100,50.2500,17.8532,686900,0.0000,1.0000
2004-04-23,49.6100,50.3300,49.4900,49.6400,17.6365,679900,0.0000,1.0000
2004-04-22,48.7100,50.2600,48.5000,49.9700,17.7537,1377300,0.0000,1.0000
2004-04-21,50.0600,50.1900,48.5500,48.7100,17.3060,1380100,0.0000,1.0000
2004-04-20,50.8300,51.5500,50.0400,50.1200,17.8070,440100,0.0000,1.0000
2004-04-19,51.3500,51.5200,50.3000,51.0200,18.1268,468900,0.0000,1.0000
2004-04-16,51.7600,51.8400,50.9700,51.4700,18.2866,753500,0.0000,1.0000
2004-04-15,51.5200,51.9900,50.9000,51.2800,18.2191,602500,0.0000,1.0000
2004-04-14,52.0700,52.6400,50.7500,51.2700,18.2156,655800,0.0000,1.0000
2004-04-13,53.8500,54.2200,51.9600,52.2500,18.5638,762400,0.0000,1.0000
2004-04-12,53.2100,54.2000,53.1400,53.9000,19.1500,329800,0.0000,1.0000
2004-04-08,54.4700,54.4900,53.1300,53.5200,19.0150,1112100,0.0000,1.0000
2004-04-07,54.8100,54.8900,54.2500,54.5700,19.3880,359300,0.0000,1.0000
2004-04-06,54.5600,54.9100,54.4600,54.8900,19.5017,318200,0.0000,1.0000
2004-04-05,54.3500,54.9100,54.1900,54.8500,19.4875,733200,0.0000,1.0000
2004-04-02,54.1500,54.7500,53.6000,54.4000,19.3276,627400,0.0000,1.0000
2004-04-01,53.9100,54.1800,52.7100,53.8800,19.1429,545100,0.0000,1.0000
2004-03-31,54.0000,54.0000,52.9300,53.8300,19.1251,901200,0.0000,1.0000
2004-03-30,53.5700,54.1900,53.2200,53.8100,19.1180,493700,0.0000,1.0000
2004-03-29,52.3100,53.6700,52.1400,53.4300,18.9830,537000,0.0000,1.0000
2004-03-26,52.2000,52.5000,51.9100,52.0800,18.5034,410800,0.0000,1.0000
2004-03-25,51.4300,52.5000,51.4300,52.1200,18.5176,448800,0.0000,1.0000
2004-03-24,51.6000,51.8300,50.8400,51.6000,18.3328,603300,0.0000,1.0000
2004-03-23,51.8900,52.1900,51.2900,51.6000,18.3328,411900,0.0000,1.0000
2004-03-22,52.8900,53.1300,51.0600,51.7300,18.3790,744000,0.0000,1.0000
2004-03-19,52.7100,53.8700,52.3400,53.0200,18.8373,777900,0.1900,1.0000
2004-03-18,53.7000,53.7500,52.3500,53.1200,18.8055,778900,0.0000,1.0000
2004-03-17,53.8000,54.0500,52.9700,53.7800,19.0391,521300,0.0000,1.0000
2004-03-16,52.5400,53.7400,52.4000,52.7600,18.6780,805700,0.0000,1.0000
2004-03-15,53.7800,53.8000,52.1300,52.4900,18.5824,516600,0.0000,1.0000
2004-03-12,52.8900,53.6400,52.7700,53.6200,18.9825,779200,0.0000,1.0000
2004-03-11,54.0500,54.9000,52.7900,52.8200,18.6993,1295900,0.0000,1.0000
2004-03-10,55.0900,55.6300,54.1200,54.5800,19.3223,1194300,0.0000,1.0000
2004-03-09,55.2000,55.3300,54.7900,55.2800,19.5701,717300,0.0000,1.0000
2004-03-08,55.7800,56.3300,54.9000,55.1900,19.5383,645600,0.0000,1.0000
2004-03-05,54.9700,56.9300,54.9500,55.7800,19.7472,1447300,0.0000,1.0000
2004-03-04,54.6100,55.6900,54.5900,55.1800,19.5347,1002300,0.0000,1.0000
2004-03-03,54.0000,54.7900,53.4900,54.7800,19.3931,668100,0.0000,1.0000
2004-03-02,53.4700,54.3400,53.3100,54.1000,19.1524,879000,0.0000,1.0000
2004-03-01,52.6900,53.4000,52.3600,53.4000,18.9046,663000,0.0000,1.0000
2004-02-27,51.7000,52.6900,51.6700,52.5900,18.6178,728200,0.0000,1.0000
2004-02-26,51.1800,51.9100,50.8100,51.7000,18.3028,508000,0.0000,1.0000
2004-02-25,51.0400,51.4500,50.6500,51.2200,18.1328,452900,0.0000,1.0000
2004-02-24,50.9300,51.3000,50.3100,50.8600,18.0054,656100,0.0000,1.0000
2004-02-23,51.1900,51.4400,50.9000,50.9400,18.0337,650500,0.0000,1.0000
2004-02-20,51.6000,51.7100,50.7000,51.0700,18.0797,877200,0.0000,1.0000
2004-02-19,53.0500,53.2500,51.8500,51.8700,18.3629,553700,0.0000,1.0000
2004-02-18,52.7500,53.1000,52.4300,52.8300,18.7028,610800,0.0000,1.0000
2004-02-17,52.4400,53.1600,52.3600,52.9000,18.7276,583600,0.0000,1.0000
2004-02-13,53.0100,53.1100,52.1200,52.3600,18.5364,451000,0.0000,1.0000
2004-02-12,52.7000,53.1000,52.2300,52.5000,18.5860,608400,0.0000,1.0000
2004-02-11,51.5000,53.3000,51.3400,53.2800,18.8621,1148700,0.0000,1.0000
2004-02-10,51.7300,51.8200,50.9000,51.3200,18.1682,993600,0.0000,1.0000
2004-02-09,52.2700,52.6400,51.6600,51.6700,18.2921,644300,0.0000,1.0000
2004-02-06,50.1700,51.4400,50.1300,51.4000,18.1966,577500,0.0000,1.0000
2004-02-05,51.4600,51.4600,50.0300,50.3300,17.8178,981100,0.0000,1.0000
2004-02-04,52.5000,52.5000,50.5400,50.7600,17.9700,1198500,0.0000,1.0000
2004-02-03,53.2200,53.3500,52.2280,52.4900,18.5824,956600,0.0000,1.0000
2004-02-02,51.9100,53.1700,51.6200,52.1000,18.4444,894700,0.0000,1.0000
2004-01-30,52.2400,52.5000,51.6100,52.1600,18.4656,933900,0.0000,1.0000
2004-01-29,50.9600,52.7500,50.9500,52.7500,18.6745,1263700,0.0000,1.0000
2004-01-28,52.7200,53.2500,51.3200,51.4200,18.2036,812200,0.0000,1.0000
2004-01-27,53.6800,53.6800,52.5400,52.8100,18.6957,602600,0.0000,1.0000
2004-01-26,53.3300,53.6700,52.7400,53.6700,19.0002,560000,0.0000,1.0000
2004-01-23,53.1800,53.5800,52.8420,53.2900,18.8656,678000,0.0000,1.0000
2004-01-22,53.7500,54.0600,52.9200,53.2200,18.8409,1260400,0.0000,1.0000
2004-01-21,52.2900,53.7600,51.5600,53.6100,18.9789,1143500,0.0000,1.0000
2004-01-20,51.4100,52.2900,51.3600,52.2500,18.4975,702900,0.0000,1.0000
2004-01-16,51.0400,51.4900,50.9500,51.4300,18.2072,559800,0.0000,1.0000
2004-01-15,50.5600,51.1700,50.4100,50.9800,18.0479,840800,0.0000,1.0000
2004-01-14,49.9600,50.4900,49.2700,50.4900,17.8744,623000,0.0000,1.0000
2004-01-13,49.1700,49.5000,48.9500,49.3000,17.4531,645200,0.0000,1.0000
2004-01-12,48.9700,49.1700,48.3100,49.0700,17.3717,529400,0.0000,1.0000
2004-01-09,49.3900,49.7500,48.8500,48.9400,17.3257,788700,0.0000,1.0000
2004-01-08,48.7000,49.9200,48.6600,49.6600,17.5806,603000,0.0000,1.0000
2004-01-07,48.6000,48.9300,47.9900,48.7300,17.2513,775600,0.0000,1.0000
2004-01-06,48.6000,49.2000,48.0900,48.4000,17.1345,672100,0.0000,1.0000
2004-01-05,48.3300,49.2600,48.2500,48.5400,17.1841,1201500,0.0000,1.0000
2004-01-02,47.5200,48.5000,47.3300,48.3900,17.1310,1425400,0.0000,1.0000
2003-12-31,47.1300,47.5900,46.8900,47.4100,16.7840,429900,0.0000,1.0000
2003-12-30,46.7300,47.2200,46.5900,47.1500,16.6920,816300,0.0000,1.0000
2003-12-29,45.6100,46.9000,45.5500,46.7600,16.5539,636100,0.0000,1.0000
2003-12-26,45.7500,46.0300,45.6000,45.8400,16.2282,167700,0.0000,1.0000
2003-12-24,46.0000,46.1400,45.6500,45.8700,16.2388,296800,0.0000,1.0000
2003-12-23,45.4500,46.2600,45.3500,46.0200,16.2919,765800,0.1900,1.0000
2003-12-22,45.5300,45.8400,45.2500,45.7800,16.1403,842600,0.0000,1.0000
2003-12-19,44.5300,46.0000,44.4500,45.3900,16.0028,1403300,0.0000,1.0000
2003-12-18,43.7800,44.6800,43.4400,44.4000,15.6538,462700,0.0000,1.0000
2003-12-17,43.5100,43.7200,43.1000,43.7200,15.4141,543200,0.0000,1.0000
2003-12-16,43.3300,43.8800,43.1400,43.6200,15.3788,492600,0.0000,1.0000
2003-12-15,43.8000,44.3100,43.3900,43.4000,15.3012,611400,0.0000,1.0000
2003-12-12,43.5200,43.7400,43.1600,43.7000,15.4070,379200,0.0000,1.0000
2003-12-11,42.7700,43.5200,42.7000,43.4500,15.3189,537200,0.0000,1.0000
2003-12-10,43.3900,43.5700,42.8000,42.9400,15.1391,541300,0.0000,1.0000
2003-12-09,43.7400,43.9300,43.4000,43.5000,15.3365,414500,0.0000,1.0000
2003-12-08,42.7100,44.2600,42.7100,43.6500,15.3894,1212800,0.0000,1.0000
2003-12-05,42.8300,42.9600,42.2800,42.4600,14.9698,399900,0.0000,1.0000
2003-12-04,43.1500,43.5090,42.6600,43.0900,15.1919,561700,0.0000,1.0000
2003-12-03,43.2500,43.4700,42.8300,43.0900,15.1919,596000,0.0000,1.0000
2003-12-02,43.5300,43.6200,42.8400,43.1200,15.2025,1022900,0.0000,1.0000
2003-12-01,42.1700,43.0800,42.0500,42.9300,15.1355,717600,0.0000,1.0000
2003-11-28,42.0600,42.1800,41.8900,42.0400,14.8217,245700,0.0000,1.0000
2003-11-26,41.9900,42.1700,41.4900,41.9700,14.7971,446800,0.0000,1.0000
2003-11-25,41.1600,42.3500,40.9600,41.8600,14.7583,1358200,0.0000,1.0000
2003-11-24,40.9000,42.5100,40.6000,42.0100,14.8112,1451800,0.0000,1.0000
2003-11-21,40.1900,41.0100,40.0600,40.5200,14.2858,950100,0.0000,1.0000
2003-11-20,41.1500,41.1600,40.0000,40.0600,14.1237,923900,0.0000,1.0000
2003-11-19,41.5400,41.6100,40.4700,41.1300,14.5009,932900,0.0000,1.0000
2003-11-18,41.9100,42.5300,41.4200,41.4900,14.6278,506900,0.0000,1.0000
2003-11-17,42.2600,42.2600,41.2700,41.7900,14.7336,859400,0.0000,1.0000
2003-11-14,43.7000,43.7000,42.3100,42.3800,14.9416,746600,0.0000,1.0000
2003-11-13,43.7200,44.1000,43.2400,43.6400,15.3858,665300,0.0000,1.0000
2003-11-12,43.7400,44.2700,43.2900,44.1000,15.5480,706700,0.0000,1.0000
2003-11-11,43.7600,43.8400,43.3100,43.4000,15.3012,521500,0.0000,1.0000
2003-11-10,44.2400,44.2500,43.7100,43.8400,15.4564,942500,0.0000,1.0000
2003-11-07,43.6800,44.4700,43.5200,44.1000,15.5480,1056200,0.0000,1.0000
2003-11-06,41.9200,43.7100,41.8200,43.5600,15.3576,2164200,0.0000,1.0000
2003-11-05,41.3000,41.3000,39.7300,40.4500,14.2612,887900,0.0000,1.0000
2003-11-04,40.9600,41.2800,40.7500,41.2800,14.5538,503600,0.0000,1.0000
2003-11-03,41.0100,41.3000,40.8500,41.0300,14.4657,459300,0.0000,1.0000
2003-10-31,40.7000,41.1700,40.0700,40.9300,14.4304,779700,0.0000,1.0000
2003-10-30,42.0000,42.2000,40.4900,40.6200,14.3211,818000,0.0000,1.0000
2003-10-29,41.6300,41.9100,41.3410,41.6400,14.6807,712300,0.0000,1.0000
2003-10-28,40.4800,41.7700,40.2900,41.7200,14.7089,790100,0.0000,1.0000
2003-10-27,39.7200,40.6600,39.4400,40.4500,14.2612,586400,0.0000,1.0000
2003-10-24,40.6000,40.9500,39.3400,39.5000,13.9262,1497900,0.0000,1.0000
2003-10-23,40.4500,40.7700,40.3000,40.5500,14.2964,611000,0.0000,1.0000
2003-10-22,41.3500,41.3500,40.5700,40.7200,14.3564,1065800,0.0000,1.0000
2003-10-21,41.7600,41.8400,41.2600,41.3800,14.5891,610300,0.0000,1.0000
2003-10-20,41.9600,42.2800,41.5400,41.7300,14.7125,526400,0.0000,1.0000
2003-10-17,42.4500,42.7800,41.8500,42.0000,14.8076,491700,0.0000,1.0000
2003-10-16,42.8300,43.0000,42.1700,42.3400,14.9275,698500,0.0000,1.0000
2003-10-15,43.2600,43.7600,42.7400,42.8900,15.1214,670500,0.0000,1.0000
2003-10-14,42.9700,43.4580,42.8300,43.3000,15.2660,998600,0.0000,1.0000
2003-10-13,42.4400,43.5600,42.2700,43.2600,15.2519,636100,0.0000,1.0000
2003-10-10,42.5000,42.8500,42.3000,42.3000,14.9134,559700,0.0000,1.0000
2003-10-09,42.1500,43.0900,42.1500,42.4800,14.9769,858700,0.0000,1.0000
2003-10-08,42.3600,42.3600,41.9100,42.0000,14.8076,663100,0.0000,1.0000
2003-10-07,41.6000,42.4300,41.4400,42.2000,14.8782,1161100,0.0000,1.0000
2003-10-06,41.3500,41.9300,41.1100,41.7400,14.7160,812900,0.0000,1.0000
2003-10-03,41.8400,41.8600,41.1900,41.4500,14.6137,2286500,0.0000,1.0000
2003-10-02,42.0200,42.6500,40.2900,40.9500,14.4375,3211900,0.0000,1.0000
2003-10-01,41.2100,42.1100,41.1000,42.0600,14.8288,1127800,0.0000,1.0000
2003-09-30,41.9500,41.9900,40.6400,41.2800,14.5538,1304400,0.0000,1.0000
2003-09-29,41.8000,42.4100,41.4300,41.9900,14.8041,737700,0.0000,1.0000
2003-09-26,42.7000,42.8800,41.6200,41.7000,14.7019,974700,0.0000,1.0000
2003-09-25,42.5100,43.4000,42.2900,42.8200,15.0967,1124800,0.0000,1.0000
2003-09-24,43.8500,43.9900,42.5700,42.9000,15.1249,900400,0.1700,1.0000
2003-09-23,43.4500,44.1500,43.2500,44.0000,15.4515,1402000,0.0000,1.0000
2003-09-22,43.7500,43.8500,43.0810,43.4800,15.2689,741400,0.0000,1.0000
2003-09-19,44.3000,44.8100,43.8800,44.0900,15.4831,1133000,0.0000,1.0000
2003-09-18,43.1000,44.7600,43.1000,44.7500,15.7149,971700,0.0000,1.0000
2003-09-17,43.1800,43.8700,43.1400,43.4400,15.2549,868100,0.0000,1.0000
2003-09-16,42.2900,43.3300,42.1800,43.2400,15.1846,1021000,0.0000,1.0000
2003-09-15,42.0040,42.4200,41.9100,42.2800,14.8475,804600,0.0000,1.0000
2003-09-12,41.7900,42.1100,41.5700,42.1100,14.7878,981800,0.0000,1.0000
2003-09-11,41.6500,42.5000,41.6400,41.9000,14.7141,1153200,0.0000,1.0000
2003-09-10,42.1900,42.3300,41.4400,41.6100,14.6122,844500,0.0000,1.0000
2003-09-09,42.1000,42.3300,41.8600,42.3100,14.8581,1128300,0.0000,1.0000
2003-09-08,41.8000,42.2500,41.7500,42.1900,14.8159,1577100,0.0000,1.0000
2003-09-05,42.7200,43.0200,41.9120,42.0500,14.7668,1255800,0.0000,1.0000
2003-09-04,43.0500,43.1900,42.4500,42.7400,15.0091,1153200,0.0000,1.0000
2003-09-03,43.9800,44.0700,42.9200,43.0900,15.1320,1230400,0.0000,1.0000
2003-09-02,42.4800,43.9700,42.2600,43.8700,15.4059,1087000,0.0000,1.0000
2003-08-29,42.0600,42.5800,41.8500,42.5800,14.9529,533300,0.0000,1.0000
2003-08-28,41.5500,42.2600,41.4400,42.1000,14.7843,738600,0.0000,1.0000
2003-08-27,41.8810,42.1400,41.4300,41.8500,14.6965,541600,0.0000,1.0000
2003-08-26,42.0700,42.2000,41.1500,41.9500,14.7316,1047800,0.0000,1.0000
2003-08-25,42.4300,42.4900,41.5800,42.1400,14.7984,758600,0.0000,1.0000
2003-08-22,43.1100,43.8200,42.4200,42.4300,14.9002,808700,0.0000,1.0000
2003-08-21,43.0900,43.3500,42.5200,43.0100,15.1039,764300,0.0000,1.0000
2003-08-20,43.2200,43.2200,42.6400,42.8400,15.0442,888600,0.0000,1.0000
2003-08-19,43.4000,43.7200,43.0500,43.3200,15.2127,937900,0.0000,1.0000
2003-08-18,42.2500,43.3300,42.2500,43.3300,15.2163,968400,0.0000,1.0000
2003-08-15,43.0900,43.0900,40.4700,42.5300,14.9353,446500,0.0000,1.0000
2003-08-14,42.2600,43.2200,42.1900,43.0200,15.1074,1254300,0.0000,1.0000
2003-08-13,41.8000,42.6000,41.7900,42.2000,14.8194,1525900,0.0000,1.0000
2003-08-12,40.7400,41.9800,40.7400,41.9500,14.7316,798700,0.0000,1.0000
2003-08-11,41.0100,41.5300,40.5700,40.8500,14.3453,860400,0.0000,1.0000
2003-08-08,40.4200,41.2500,40.3200,40.9700,14.3875,936600,0.0000,1.0000
2003-08-07,39.9900,40.4400,39.8200,40.4100,14.1908,769000,0.0000,1.0000
2003-08-06,38.9500,40.1600,38.7300,40.0300,14.0574,1350700,0.0000,1.0000
2003-08-05,39.7200,40.0400,38.8700,39.0800,13.7238,1163600,0.0000,1.0000
2003-08-04,39.1400,40.1000,38.3700,39.8400,13.9907,1101100,0.0000,1.0000
2003-08-01,40.3900,40.4200,39.1400,39.3500,13.8186,918500,0.0000,1.0000
2003-07-31,39.7900,41.1800,39.7800,40.5200,14.2295,1226500,0.0000,1.0000
2003-07-30,39.4600,39.7000,39.1100,39.5400,13.8853,591400,0.0000,1.0000
2003-07-29,40.2900,40.2950,39.2900,39.5800,13.8994,630300,0.0000,1.0000
2003-07-28,40.4800,40.8100,40.0700,40.1300,14.0925,573100,0.0000,1.0000
2003-07-25,40.0200,40.5000,39.3900,40.3500,14.1698,680500,0.0000,1.0000
2003-07-24,39.7900,40.2500,39.3200,39.4500,13.8537,722700,0.0000,1.0000
2003-07-23,39.5500,39.5800,38.9400,39.4000,13.8362,634400,0.0000,1.0000
2003-07-22,38.9200,39.5900,38.6300,39.5300,13.8818,648000,0.0000,1.0000
2003-07-21,39.8500,39.8500,38.7900,39.0000,13.6957,804300,0.0000,1.0000
2003-07-18,39.3700,39.8500,38.9500,39.7600,13.9626,515200,0.0000,1.0000
2003-07-17,39.8800,39.9000,38.6700,38.9800,13.6887,491700,0.0000,1.0000
2003-07-16,40.6100,40.6600,39.6800,39.8200,13.9836,525000,0.0000,1.0000
2003-07-15,40.5400,41.1700,40.3700,40.6000,14.2576,874000,0.0000,1.0000
2003-07-14,40.0000,40.8000,39.8600,40.6100,14.2611,908900,0.0000,1.0000
2003-07-11,39.7200,39.8500,39.2200,39.6900,13.9380,749700,0.0000,1.0000
2003-07-10,40.7900,40.8100,39.5500,39.8500,13.9942,778400,0.0000,1.0000
2003-07-09,40.9400,40.9900,40.3900,40.8800,14.3559,657800,0.0000,1.0000
2003-07-08,40.1500,41.1700,39.9000,41.0900,14.4296,1217400,0.0000,1.0000
2003-07-07,38.8800,40.2500,38.8700,40.1700,14.1066,1083900,0.0000,1.0000
2003-07-03,38.4590,39.1100,38.4200,38.8800,13.6535,362100,0.0000,1.0000
2003-07-02,38.3300,38.8900,38.1000,38.8000,13.6254,627600,0.0000,1.0000
2003-07-01,37.5800,38.5000,37.4100,38.4500,13.5025,999300,0.0000,1.0000
2003-06-30,37.5700,38.3100,37.5700,37.7700,13.2637,719200,0.0000,1.0000
2003-06-27,37.6100,38.3300,37.5900,37.6100,13.2076,935300,0.0000,1.0000
2003-06-26,36.5400,37.7800,36.5300,37.6300,13.2146,887800,0.0000,1.0000
2003-06-25,36.5600,37.2800,36.4100,36.5100,12.8213,522200,0.0000,1.0000
2003-06-24,36.1800,36.7500,35.7400,36.5100,12.8213,646800,0.0000,1.0000
2003-06-23,36.4500,36.6000,35.4500,35.9500,12.6246,1056000,0.0000,1.0000
2003-06-20,37.0000,37.1400,36.4390,36.4700,12.8072,1232000,0.0000,1.0000
2003-06-19,37.9000,38.0000,36.5000,36.7300,12.8985,1019400,0.0000,1.0000
2003-06-18,38.4000,38.4800,37.5890,37.8700,13.2989,1226300,0.1700,1.0000
2003-06-17,38.4000,38.9900,37.9600,38.8000,13.5646,666900,0.0000,1.0000
2003-06-16,37.2500,39.0600,37.1200,38.5000,13.4597,1288600,0.0000,1.0000
2003-06-13,37.9600,38.0800,36.6000,37.1200,12.9772,1095600,0.0000,1.0000
2003-06-12,37.9800,38.4400,37.7800,38.0000,13.2849,854500,0.0000,1.0000
2003-06-11,37.5000,38.1400,37.3200,37.9300,13.2604,932000,0.0000,1.0000
2003-06-10,37.4700,37.7700,37.0800,37.4000,13.0751,719400,0.0000,1.0000
2003-06-09,38.0000,38.2200,36.7600,37.0300,12.9458,717400,0.0000,1.0000
2003-06-06,38.1200,39.3900,38.0300,38.2300,13.3653,1518100,0.0000,1.0000
2003-06-05,37.2800,37.8900,37.1500,37.8900,13.2464,837700,0.0000,1.0000
2003-06-04,36.3900,37.4300,36.1500,37.3700,13.0646,1119300,0.0000,1.0000
2003-06-03,36.4300,36.6000,36.0100,36.3900,12.7220,1265000,0.0000,1.0000
2003-06-02,36.6000,37.4400,36.1300,36.6000,12.7954,1557200,0.0000,1.0000
2003-05-30,34.8100,36.7200,34.7000,36.7100,12.8339,2619800,0.0000,1.0000
2003-05-29,34.1100,34.8000,34.0300,34.4000,12.0263,949000,0.0000,1.0000
2003-05-28,33.3100,34.2200,33.1910,34.0400,11.9005,906100,0.0000,1.0000
2003-05-27,32.2600,33.3300,32.1900,33.2900,11.6382,835100,0.0000,1.0000
2003-05-23,32.0900,32.5300,32.0100,32.4000,11.3271,613800,0.0000,1.0000
2003-05-22,31.8600,32.4200,31.8100,32.0900,11.2187,614300,0.0000,1.0000
2003-05-21,31.5600,32.1500,31.5000,31.8700,11.1418,827900,0.0000,1.0000
2003-05-20,31.4000,31.8000,31.3400,31.7390,11.0960,827700,0.0000,1.0000
2003-05-19,31.9800,32.0900,31.0000,31.2700,10.9321,1510600,0.0000,1.0000
2003-05-16,31.7700,32.0000,31.5000,31.8100,11.1208,923200,0.0000,1.0000
2003-05-15,30.8700,31.6800,30.8500,31.6390,11.0611,650800,0.0000,1.0000
2003-05-14,30.9100,31.0000,30.7600,30.9200,10.8097,433500,0.0000,1.0000
2003-05-13,30.6000,31.1000,30.5800,30.8200,10.7747,653800,0.0000,1.0000
2003-05-12,30.1100,30.8800,29.9900,30.6000,10.6978,485200,0.0000,1.0000
2003-05-09,30.3100,30.3600,29.9800,30.2600,10.5790,629400,0.0000,1.0000
2003-05-08,30.6400,30.6400,30.0100,30.1300,10.5335,707900,0.0000,1.0000
2003-05-07,30.9600,31.0900,30.5100,30.8900,10.7992,576800,0.0000,1.0000
2003-05-06,30.5400,31.2700,30.4500,30.9700,10.8272,487100,0.0000,1.0000
2003-05-05,30.7500,30.9800,30.4300,30.5800,10.6908,664700,0.0000,1.0000
2003-05-02,30.1800,30.9300,29.9900,30.8200,10.7747,751100,0.0000,1.0000
2003-05-01,30.3400,30.5300,29.8100,30.2000,10.5580,929800,0.0000,1.0000
2003-04-30,30.3500,30.6900,29.9100,30.5200,10.6699,1159200,0.0000,1.0000
2003-04-29,30.4800,30.9800,30.0100,30.4000,10.6279,811900,0.0000,1.0000
2003-04-28,29.7300,30.9900,29.6000,30.6100,10.7013,977900,0.0000,1.0000
2003-04-25,29.7800,30.0000,29.3100,29.6500,10.3657,1339900,0.0000,1.0000
2003-04-24,30.2600,30.2800,29.4500,29.6300,10.3587,1008100,0.0000,1.0000
2003-04-23,30.6000,30.6300,30.0400,30.4300,10.6384,1273900,0.0000,1.0000
2003-04-22,28.7800,30.3700,28.3300,30.3400,10.6069,1909900,0.0000,1.0000
2003-04-21,28.6700,28.8300,28.3601,28.6800,10.0266,1056700,0.0000,1.0000
2003-04-17,28.7300,28.8000,28.4200,28.6100,10.0021,1167200,0.0000,1.0000
2003-04-16,29.2800,29.7400,28.3500,28.4400,9.9427,1546400,0.0000,1.0000
2003-04-15,28.5000,29.5700,28.5000,29.5300,10.3237,1634700,0.0000,1.0000
2003-04-14,27.4900,28.7500,27.4000,28.7400,10.0476,1882000,0.0000,1.0000
2003-04-11,27.2800,27.8900,27.2500,27.3900,9.5756,1369100,0.0000,1.0000
2003-04-10,26.4500,27.3900,26.2000,27.2700,9.5336,2375800,0.0000,1.0000
2003-04-09,28.4200,29.0000,27.8500,27.8500,9.7364,875500,0.0000,1.0000
2003-04-08,28.6990,28.7700,28.2800,28.4100,9.9322,394600,0.0000,1.0000
2003-04-07,29.8000,30.3600,28.6600,28.6900,10.0301,849500,0.0000,1.0000
2003-04-04,28.5200,28.8100,28.4500,28.6900,10.0301,430600,0.0000,1.0000
2003-04-03,29.0800,29.0800,28.1500,28.5300,9.9741,553300,0.0000,1.0000
2003-04-02,28.2700,28.6100,28.0100,28.4500,9.9462,513500,0.0000,1.0000
2003-04-01,27.3100,27.7500,26.9000,27.6500,9.6665,539900,0.0000,1.0000
2003-03-31,27.3700,27.4000,26.5600,27.1200,9.4812,1115600,0.0000,1.0000
2003-03-28,27.0400,27.8000,27.0400,27.4800,9.6071,912200,0.0000,1.0000
2003-03-27,27.9500,28.0800,27.3600,27.6800,9.6770,1002200,0.0000,1.0000
2003-03-26,28.5000,28.5000,27.7500,28.0300,9.7993,477700,0.0000,1.0000
2003-03-25,27.8900,28.4700,27.8200,28.1300,9.8343,845900,0.0000,1.0000
2003-03-24,29.0000,29.0000,27.6300,27.9500,9.7714,990100,0.0000,1.0000
2003-03-21,28.7000,29.4600,28.1100,29.4100,10.2818,1039000,0.0000,1.0000
2003-03-20,27.9700,28.3500,27.3000,28.2000,9.8588,784900,0.0000,1.0000
2003-03-19,27.7700,28.0100,27.4500,27.9600,9.7749,779300,0.1700,1.0000
2003-03-18,27.5900,27.9400,27.2200,27.9400,9.7088,1165600,0.0000,1.0000
2003-03-17,25.9400,27.5800,25.5900,27.5500,9.5733,1299900,0.0000,1.0000
2003-03-14,25.9400,26.6500,25.7900,25.8900,8.9965,1629000,0.0000,1.0000
2003-03-13,24.9700,25.8700,24.7100,25.8100,8.9687,1438300,0.0000,1.0000
2003-03-12,24.3600,24.4100,23.7200,24.4000,8.4787,1476000,0.0000,1.0000
2003-03-11,25.0100,25.2100,24.2900,24.3000,8.4440,1135000,0.0000,1.0000
2003-03-10,25.8600,25.9000,24.9700,25.0600,8.7081,1223900,0.0000,1.0000
2003-03-07,25.1800,26.2700,24.9900,26.1000,9.0695,1585600,0.0000,1.0000
2003-03-06,25.3000,25.6100,25.2000,25.2800,8.7845,801700,0.0000,1.0000
2003-03-05,25.3800,25.6200,25.2100,25.5600,8.8818,1034500,0.0000,1.0000
2003-03-04,25.7500,25.8100,25.2200,25.2700,8.7811,904700,0.0000,1.0000
2003-03-03,26.1300,26.3400,25.5900,25.7700,8.9548,875500,0.0000,1.0000
2003-02-28,25.5800,26.0300,25.5300,25.7200,8.9374,719300,0.0000,1.0000
2003-02-27,25.1200,25.6900,25.0200,25.5200,8.8679,574700,0.0000,1.0000
2003-02-26,25.6400,25.6400,24.8600,25.0200,8.6942,583900,0.0000,1.0000
2003-02-25,25.1000,25.6700,24.7800,25.5600,8.8818,806500,0.0000,1.0000
2003-02-24,26.0500,26.2900,25.3700,25.3900,8.8228,729100,0.0000,1.0000
2003-02-21,25.8500,26.2300,25.3100,26.0700,9.0590,879400,0.0000,1.0000
2003-02-20,25.6100,25.8600,25.4600,25.4800,8.8540,653900,0.0000,1.0000
2003-02-19,25.6900,25.7000,25.2700,25.5700,8.8853,582500,0.0000,1.0000
2003-02-18,25.0400,25.9000,25.0000,25.7400,8.9444,701600,0.0000,1.0000
2003-02-14,24.8500,25.0800,24.4000,24.9900,8.6838,840800,0.0000,1.0000
2003-02-13,24.8000,24.8100,24.3100,24.4400,8.4926,923200,0.0000,1.0000
2003-02-12,24.8600,25.1600,24.5800,24.6400,8.5621,777600,0.0000,1.0000
2003-02-11,25.1100,25.2600,24.7400,24.8400,8.6316,977200,0.0000,1.0000
2003-02-10,25.0800,25.2300,24.4600,25.0500,8.7046,1380000,0.0000,1.0000
2003-02-07,25.6100,25.8300,25.0100,25.0800,8.7150,572700,0.0000,1.0000
2003-02-06,25.9200,26.0500,25.3800,25.4500,8.8436,706700,0.0000,1.0000
2003-02-05,26.2000,26.6300,25.9500,26.1500,9.0868,1419300,0.0000,1.0000
2003-02-04,26.6200,26.6400,26.0200,26.1800,9.0973,693800,0.0000,1.0000
2003-02-03,27.0100,27.5700,26.6400,26.7900,9.3092,1144500,0.0000,1.0000
2003-01-31,25.6100,26.7800,25.5600,26.7400,9.2919,2037400,0.0000,1.0000
2003-01-30,26.0000,26.2500,25.2100,25.3100,8.7950,738500,0.0000,1.0000
2003-01-29,26.2000,26.6900,26.1500,26.4700,9.1980,715700,0.0000,1.0000
2003-01-28,26.2000,26.6900,26.1500,26.4700,9.1980,462700,0.0000,1.0000
2003-01-27,25.5900,26.3900,25.5400,26.1200,9.0764,1347300,0.0000,1.0000
2003-01-24,26.9200,26.9300,25.5900,25.8900,8.9965,1314000,0.0000,1.0000
2003-01-23,26.9800,27.5000,26.7100,26.9400,9.3614,1117500,0.0000,1.0000
2003-01-22,27.4800,27.5400,26.8000,26.8100,9.3162,1003000,0.0000,1.0000
2003-01-21,28.2600,28.4000,27.3100,27.4900,9.5525,745800,0.0000,1.0000
2003-01-17,28.4900,28.6500,27.8700,28.2000,9.7992,703200,0.0000,1.0000
2003-01-16,29.4700,29.5700,28.5600,28.6900,9.9695,610500,0.0000,1.0000
2003-01-15,29.8200,30.0400,29.2600,29.4100,10.2197,592600,0.0000,1.0000
2003-01-14,30.0700,30.3400,29.8100,30.2500,10.5115,487700,0.0000,1.0000
2003-01-13,30.0300,30.6100,29.9800,30.1900,10.4907,572200,0.0000,1.0000
2003-01-10,29.8800,30.1900,29.2400,30.0400,10.4386,527100,0.0000,1.0000
2003-01-09,29.2700,29.9700,29.2700,29.8900,10.3865,466700,0.0000,1.0000
2003-01-08,30.1300,30.1300,29.1100,29.2700,10.1710,655800,0.0000,1.0000
2003-01-07,29.5500,30.1600,29.4300,29.8000,10.3552,650300,0.0000,1.0000
2003-01-06,28.6500,29.8400,28.4900,29.7300,10.3309,548300,0.0000,1.0000
2003-01-03,28.6500,28.8000,28.3300,28.5300,9.9139,398900,0.0000,1.0000
2003-01-02,27.3000,28.7000,27.2700,28.6600,9.9590,561600,0.0000,1.0000
2002-12-31,27.3600,27.5800,26.8600,27.2800,9.4795,682200,0.0000,1.0000
2002-12-30,27.9100,28.0000,27.0700,27.4400,9.5351,656100,0.0000,1.0000
2002-12-27,28.2700,28.3800,27.5400,27.6700,9.6150,289900,0.0000,1.0000
2002-12-26,28.2500,28.7400,28.0500,28.3800,9.8617,550100,0.0000,1.0000
2002-12-24,28.4900,28.5700,28.0900,28.1800,9.7922,348600,0.1700,1.0000
2002-12-23,28.4000,28.9900,28.3500,28.7900,9.9442,371300,0.0000,1.0000
2002-12-20,28.3600,28.9900,27.4600,28.7800,9.9408,1327000,0.0000,1.0000
2002-12-19,28.3000,28.8500,27.8400,28.0800,9.6990,528500,0.0000,1.0000
2002-12-18,28.7500,28.9900,28.1100,28.4100,9.8130,396800,0.0000,1.0000
2002-12-17,29.3000,29.4500,28.6100,28.9200,9.9891,906700,0.0000,1.0000
2002-12-16,28.4000,29.3300,28.3600,29.2900,10.1169,676900,0.0000,1.0000
2002-12-13,28.8000,28.8500,28.1900,28.3600,9.7957,432200,0.0000,1.0000
2002-12-12,28.9000,29.2400,28.5400,28.8900,9.9788,323400,0.0000,1.0000
2002-12-11,28.9000,29.2800,28.6500,28.8800,9.9753,617500,0.0000,1.0000
2002-12-10,29.0000,29.3600,28.7000,28.9900,10.0133,608900,0.0000,1.0000
2002-12-09,29.6700,29.6800,28.8800,28.9300,9.9926,804000,0.0000,1.0000
2002-12-06,29.5600,30.0700,29.0500,29.8000,10.2931,545100,0.0000,1.0000
2002-12-05,30.6500,30.7000,29.5700,29.7500,10.2758,472900,0.0000,1.0000
2002-12-04,30.9600,30.9700,30.0400,30.6000,10.5694,492800,0.0000,1.0000
2002-12-03,30.8500,31.1900,30.5600,30.9500,10.6903,611100,0.0000,1.0000
2002-12-02,30.6300,31.6700,30.5800,31.0600,10.7283,840500,0.0000,1.0000
2002-11-29,30.7100,31.0000,30.3600,30.3800,10.4934,249500,0.0000,1.0000
2002-11-27,29.5500,30.8100,29.5400,30.7400,10.6178,403900,0.0000,1.0000
2002-11-26,30.0000,30.5000,29.5000,29.5300,10.1998,727900,0.0000,1.0000
2002-11-25,30.4500,30.9600,30.2400,30.7500,10.6212,547700,0.0000,1.0000
2002-11-22,30.3400,30.7900,29.7500,30.5100,10.5383,744200,0.0000,1.0000
2002-11-21,28.8500,30.6900,28.8000,30.3200,10.4727,847000,0.0000,1.0000
2002-11-20,27.6100,28.9900,27.6100,28.8100,9.9511,615600,0.0000,1.0000
2002-11-19,27.7800,28.1500,27.5600,27.9500,9.6541,466700,0.0000,1.0000
2002-11-18,28.6000,28.8800,27.9400,27.9800,9.6644,428300,0.0000,1.0000
2002-11-15,28.5100,28.5100,28.5100,28.5100,9.8475,456700,0.0000,1.0000
2002-11-14,27.2300,28.5100,27.2300,28.5100,9.8475,732400,0.0000,1.0000
2002-11-13,27.1200,27.8100,26.4900,27.1500,9.3778,904100,0.0000,1.0000
2002-11-12,26.4100,27.4300,26.1000,27.2000,9.3950,926300,0.0000,1.0000
2002-11-11,27.4000,27.4000,27.4000,27.4000,9.4641,930800,0.0000,1.0000
2002-11-08,27.7000,28.0500,27.1300,27.4000,9.4641,514700,0.0000,1.0000
2002-11-07,28.7800,29.1300,27.6200,27.7200,9.5746,680900,0.0000,1.0000
2002-11-06,28.7800,29.2500,28.1800,29.1800,10.0789,929700,0.0000,1.0000
2002-11-05,29.3600,29.5000,28.2600,28.7400,9.9270,998900,0.0000,1.0000
2002-11-04,28.6800,29.8500,28.5000,29.2800,10.1135,928100,0.0000,1.0000
2002-11-01,27.9900,28.8100,27.4500,28.7800,9.9408,891600,0.0000,1.0000
2002-10-31,27.7000,28.3900,27.2000,28.2500,9.7577,1123400,0.0000,1.0000
2002-10-30,27.2600,27.9700,26.8400,27.7500,9.5850,973800,0.0000,1.0000
2002-10-29,27.1400,27.4900,26.6500,27.2700,9.4192,909400,0.0000,1.0000
2002-10-28,28.0000,28.9400,27.8500,28.4900,9.8406,838600,0.0000,1.0000
2002-10-25,25.9800,28.1200,25.9700,27.9600,9.6575,1197300,0.0000,1.0000
2002-10-24,28.2200,28.4000,26.8300,26.8400,9.2707,921000,0.0000,1.0000
2002-10-23,27.4700,27.6000,26.3900,27.4400,9.4779,591500,0.0000,1.0000
2002-10-22,28.1300,28.2000,27.1200,27.4000,9.4641,928800,0.0000,1.0000
2002-10-21,27.1500,28.6500,26.7000,28.6000,9.8786,1112100,0.0000,1.0000
2002-10-18,28.0100,28.6200,27.8900,28.4200,9.8164,721800,0.0000,1.0000
2002-10-17,27.3200,28.5600,27.2800,28.2600,9.7612,1069300,0.0000,1.0000
2002-10-16,27.3900,27.4300,26.4600,26.7200,9.2292,766000,0.0000,1.0000
2002-10-15,26.4000,27.8000,26.0500,27.5800,9.5263,1212400,0.0000,1.0000
2002-10-14,23.7100,25.3700,23.6500,25.1900,8.7008,895700,0.0000,1.0000
2002-10-11,23.5000,25.4700,23.4700,24.8600,8.5868,1290400,0.0000,1.0000
2002-10-10,21.4400,23.4700,21.2500,23.4700,8.1067,958300,0.0000,1.0000
2002-10-09,22.7300,22.8700,21.4400,21.4500,7.4089,1351700,0.0000,1.0000
2002-10-08,21.7000,23.5900,21.7000,23.1400,7.9927,1334700,0.0000,1.0000
2002-10-07,22.8400,23.3100,21.4500,21.7500,7.5126,1386700,0.0000,1.0000
2002-10-04,23.9400,24.6600,22.9000,23.0000,7.9443,1090300,0.0000,1.0000
2002-10-03,25.5200,25.6500,23.9500,24.2600,8.3795,1604800,0.0000,1.0000
2002-10-02,26.0000,26.1700,25.1200,25.1600,8.6904,1535500,0.0000,1.0000
2002-10-01,25.2000,26.0800,24.2000,26.0100,8.9840,1148400,0.0000,1.0000
2002-09-30,25.4100,25.4300,24.4700,24.9600,8.6213,1055100,0.0000,1.0000
2002-09-27,25.9600,26.4000,25.3200,25.4900,8.8044,606900,0.0000,1.0000
2002-09-26,25.6400,26.4800,25.4700,26.3200,9.0911,621300,0.0000,1.0000
2002-09-25,25.1700,25.8800,24.6900,25.6300,8.8527,897400,0.1600,1.0000
2002-09-24,24.9900,25.9000,24.9900,25.1000,8.6159,1052500,0.0000,1.0000
2002-09-23,25.2500,25.5800,24.6700,25.4400,8.7326,909900,0.0000,1.0000
2002-09-20,26.1300,26.2100,25.2500,25.3000,8.6845,1212700,0.0000,1.0000
2002-09-19,26.1400,26.1400,25.3000,25.3100,8.6880,1124800,0.0000,1.0000
2002-09-18,25.8700,26.7500,25.6200,26.4600,9.0827,500600,0.0000,1.0000
2002-09-17,27.0500,27.3000,26.1500,26.2100,8.9969,586300,0.0000,1.0000
2002-09-16,26.9200,27.1500,26.5500,27.0000,9.2681,409500,0.0000,1.0000
2002-09-13,26.5400,27.1200,26.5300,27.0000,9.2681,613200,0.0000,1.0000
2002-09-12,27.9000,28.0000,26.8500,27.0500,9.2853,1284200,0.0000,1.0000
2002-09-11,28.4700,29.0000,27.9200,27.9400,9.5908,624000,0.0000,1.0000
2002-09-10,28.7400,28.7400,27.8800,28.3000,9.7143,453100,0.0000,1.0000
2002-09-09,27.4300,28.6300,26.8500,28.4300,9.7590,481100,0.0000,1.0000
2002-09-06,27.1100,27.6100,27.0000,27.4400,9.4191,341500,0.0000,1.0000
2002-09-05,26.8100,26.9000,26.3300,26.7300,9.1754,534800,0.0000,1.0000
2002-09-04,26.9000,27.5300,26.5500,27.4000,9.4054,561600,0.0000,1.0000
2002-09-03,28.1600,28.1700,26.5000,26.6000,9.1308,730100,0.0000,1.0000
2002-08-30,28.0600,28.8700,27.9600,28.2900,9.7109,355700,0.0000,1.0000
2002-08-29,27.4700,28.4700,27.1800,28.3200,9.7212,516200,0.0000,1.0000
2002-08-28,28.6300,29.0000,27.4200,27.9000,9.5770,346600,0.0000,1.0000
2002-08-27,28.6100,29.3800,28.6000,28.8600,9.9066,755000,0.0000,1.0000
2002-08-26,28.1800,29.0000,27.9100,28.8900,9.9169,281200,0.0000,1.0000
2002-08-23,28.6100,28.7700,28.0500,28.1800,9.6731,267100,0.0000,1.0000
2002-08-22,28.6100,29.0500,28.1300,28.7900,9.8825,868600,0.0000,1.0000
2002-08-21,28.3000,28.8700,27.3500,28.5500,9.8001,524700,0.0000,1.0000
2002-08-20,28.6500,28.7200,28.0500,28.0500,9.6285,608900,0.0000,1.0000
2002-08-19,27.2700,28.6400,27.2400,28.5500,9.8001,418900,0.0000,1.0000
2002-08-16,27.7200,27.8500,27.3000,27.4100,9.4088,415500,0.0000,1.0000
2002-08-15,27.4500,28.2000,27.0700,27.7800,9.5358,775000,0.0000,1.0000
2002-08-14,26.4900,27.6700,26.0800,27.6700,9.4981,722000,0.0000,1.0000
2002-08-13,27.2000,27.8600,26.4500,26.4800,9.0896,416100,0.0000,1.0000
2002-08-12,27.1700,27.5300,26.5500,27.3200,9.3779,348400,0.0000,1.0000
2002-08-09,26.3000,27.7700,26.0900,27.3300,9.3814,517700,0.0000,1.0000
2002-08-08,25.5500,27.2000,25.4000,26.8600,9.2200,444000,0.0000,1.0000
2002-08-07,25.2000,25.9900,24.7600,25.3600,8.7051,428700,0.0000,1.0000
2002-08-06,24.3000,25.7300,24.2000,25.1200,8.6228,514300,0.0000,1.0000
2002-08-05,25.3000,25.4500,24.0600,24.1800,8.3001,820300,0.0000,1.0000
2002-08-02,26.5500,26.6300,25.4100,25.6500,8.8047,944200,0.0000,1.0000
2002-08-01,26.8700,27.1100,26.1500,26.2500,9.0106,771200,0.0000,1.0000
2002-07-31,27.4400,27.6100,26.6900,27.0300,9.2784,818200,0.0000,1.0000
2002-07-30,27.1400,27.7500,26.2000,27.3400,9.3848,928200,0.0000,1.0000
2002-07-29,25.1600,27.1400,25.0000,27.0200,9.2750,759300,0.0000,1.0000
2002-07-26,24.5700,25.0300,24.0800,24.7500,8.4957,740800,0.0000,1.0000
2002-07-25,24.8800,25.3000,24.1400,24.5900,8.4408,1007600,0.0000,1.0000
2002-07-24,23.0700,25.0600,21.5000,25.0000,8.5816,1404000,0.0000,1.0000
2002-07-23,25.1900,25.2700,23.1100,23.4400,8.0461,980700,0.0000,1.0000
2002-07-22,24.7700,25.5000,24.6300,24.6300,8.4546,1070800,0.0000,1.0000
2002-07-19,26.9600,26.9600,24.8100,25.2600,8.6708,1928700,0.0000,1.0000
2002-07-18,28.8500,28.9700,27.5700,27.5800,9.4672,627700,0.0000,1.0000
2002-07-17,28.7600,29.7600,28.0700,28.8000,9.8860,802700,0.0000,1.0000
2002-07-16,29.0600,29.3000,28.1500,28.4800,9.7761,514200,0.0000,1.0000
2002-07-15,29.4500,29.4600,28.0200,29.1100,9.9924,551800,0.0000,1.0000
2002-07-12,29.4200,30.0500,29.0900,29.5900,10.1571,482300,0.0000,1.0000
2002-07-11,29.4300,29.8000,28.8200,29.6100,10.1640,899000,0.0000,1.0000
2002-07-10,30.6200,31.0000,29.4300,29.5700,10.1503,830100,0.0000,1.0000
2002-07-09,31.8200,32.0000,29.9000,29.9900,10.2944,972900,0.0000,1.0000
2002-07-08,32.7900,32.9500,31.6300,31.7700,10.9055,416700,0.0000,1.0000
2002-07-05,31.2000,32.8900,30.9500,32.7000,11.2247,320700,0.0000,1.0000
2002-07-03,31.3100,31.6700,30.4500,31.0100,10.6446,458000,0.0000,1.0000
2002-07-02,32.1500,32.1600,31.1000,31.3200,10.7510,620000,0.0000,1.0000
2002-07-01,32.9000,33.6200,31.9500,32.0400,10.9981,641900,0.0000,1.0000
2002-06-28,33.0500,33.7200,32.8700,32.8800,11.2865,1216500,0.0000,1.0000
2002-06-27,31.8500,33.1500,31.7600,33.1300,11.3723,932500,0.0000,1.0000
2002-06-26,31.1200,32.2000,30.5300,31.8500,10.9329,712300,0.0000,1.0000
2002-06-25,32.3400,33.1200,32.1000,32.1900,11.0496,1110400,0.0000,1.0000
2002-06-24,31.8700,32.2900,31.0500,32.0000,10.9844,986500,0.0000,1.0000
2002-06-21,31.5000,33.3200,31.5000,32.0300,10.9947,1258900,0.0000,1.0000
2002-06-20,33.2900,33.8300,32.5500,32.8600,11.2796,586800,0.0000,1.0000
2002-06-19,34.0900,34.5000,33.1900,33.4000,11.4650,532200,0.1600,1.0000
2002-06-18,34.7400,34.9700,34.3300,34.7800,11.8818,450300,0.0000,1.0000
2002-06-17,33.2000,34.7400,33.1900,34.7200,11.8613,645800,0.0000,1.0000
2002-06-14,32.8500,33.0700,31.5700,32.8900,11.2361,663200,0.0000,1.0000
2002-06-13,33.2200,33.5000,32.6000,32.6500,11.1541,352800,0.0000,1.0000
2002-06-12,34.1500,34.1500,32.7300,33.4200,11.4171,885700,0.0000,1.0000
2002-06-11,34.6300,35.1200,33.8100,34.1100,11.6529,366300,0.0000,1.0000
2002-06-10,34.6000,34.9600,34.3900,34.5000,11.7861,550300,0.0000,1.0000
2002-06-07,34.6900,35.3000,34.0600,34.9000,11.9227,924600,0.0000,1.0000
2002-06-06,35.8700,35.9000,34.2400,34.7400,11.8681,534700,0.0000,1.0000
2002-06-05,34.9500,35.8700,34.7000,35.8700,12.2541,529700,0.0000,1.0000
2002-06-04,35.1000,35.5000,34.6200,35.0700,11.9808,640000,0.0000,1.0000
2002-06-03,36.3800,36.3900,34.9700,35.1200,11.9979,556000,0.0000,1.0000
2002-05-31,35.9100,36.7200,35.8700,36.1100,12.3361,447600,0.0000,1.0000
2002-05-30,36.2000,36.4400,35.5900,35.7600,12.2165,425000,0.0000,1.0000
2002-05-29,36.4000,36.6600,35.8800,36.2400,12.3805,567600,0.0000,1.0000
2002-05-28,36.5400,36.8000,36.1200,36.3400,12.4147,508400,0.0000,1.0000
2002-05-24,36.7900,37.1300,36.4000,36.5400,12.4830,375600,0.0000,1.0000
2002-05-23,36.2000,37.1200,35.6500,36.9700,12.6299,573400,0.0000,1.0000
2002-05-22,35.9900,36.3200,35.8500,35.9900,12.2951,669500,0.0000,1.0000
2002-05-21,36.8900,37.4800,36.0900,36.1000,12.3327,495200,0.0000,1.0000
2002-05-20,38.0000,38.0000,36.8400,36.8400,12.5855,302000,0.0000,1.0000
2002-05-17,37.4100,38.3000,37.3600,38.1900,13.0467,409400,0.0000,1.0000
2002-05-16,37.9900,38.0100,37.4600,37.7500,12.8964,412700,0.0000,1.0000
2002-05-15,37.4700,38.0800,37.3200,37.8500,12.9305,531100,0.0000,1.0000
2002-05-14,37.0000,38.0300,36.8200,37.7900,12.9100,449000,0.0000,1.0000
2002-05-13,35.7600,37.1600,35.7500,36.8400,12.5855,682300,0.0000,1.0000
2002-05-10,36.8700,36.8800,35.6900,35.7400,12.2097,597200,0.0000,1.0000
2002-05-09,36.1800,37.0400,36.0100,36.7600,12.5582,774600,0.0000,1.0000
2002-05-08,34.8400,36.5200,34.6300,36.3200,12.4079,743800,0.0000,1.0000
2002-05-07,33.7200,34.6900,33.7100,34.5400,11.7998,681100,0.0000,1.0000
2002-05-06,35.3000,35.6000,33.7300,33.8200,11.5538,513800,0.0000,1.0000
2002-05-03,35.7600,36.0100,35.1500,35.4000,12.0936,470100,0.0000,1.0000
2002-05-02,34.8000,35.8400,34.7800,35.5200,12.1346,304100,0.0000,1.0000
2002-05-01,35.0600,35.5900,34.4000,35.2700,12.0492,404300,0.0000,1.0000
2002-04-30,34.2500,35.6000,34.0800,35.0700,11.9808,725500,0.0000,1.0000
2002-04-29,34.7500,35.4100,34.5100,34.6700,11.8442,589800,0.0000,1.0000
2002-04-26,34.9200,35.0300,34.4800,34.8300,11.8988,897200,0.0000,1.0000
2002-04-25,35.0200,35.2900,33.9900,34.4800,11.7793,1290900,0.0000,1.0000
2002-04-24,35.7500,36.3000,35.0500,35.1500,12.0082,709600,0.0000,1.0000
2002-04-23,36.7300,36.7700,35.5500,35.6000,12.1619,864200,0.0000,1.0000
2002-04-22,37.9900,38.0800,36.7500,36.7500,12.5548,507100,0.0000,1.0000
2002-04-19,37.3900,38.3900,37.2600,38.0100,12.9852,295300,0.0000,1.0000
2002-04-18,38.3200,39.1500,37.3500,37.4600,12.7973,877600,0.0000,1.0000
2002-04-17,37.9000,38.7500,37.6000,38.3500,13.1014,360000,0.0000,1.0000
2002-04-16,37.5900,38.4400,37.5900,38.1500,13.0330,420000,0.0000,1.0000
2002-04-15,38.2700,38.2900,37.2700,37.6400,12.8588,449400,0.0000,1.0000
2002-04-12,36.9000,38.2200,36.3800,37.8400,12.9271,398700,0.0000,1.0000
2002-04-11,38.2900,38.5000,36.6400,36.9700,12.6299,834700,0.0000,1.0000
2002-04-10,38.2000,38.8300,37.9500,38.3400,13.0979,367700,0.0000,1.0000
2002-04-09,38.4300,38.6500,37.6500,38.1400,13.0296,426000,0.0000,1.0000
2002-04-08,38.1500,38.2300,37.5400,38.2200,13.0569,351200,0.0000,1.0000
2002-04-05,38.1900,38.8700,38.1500,38.4000,13.1184,363500,0.0000,1.0000
2002-04-04,38.4800,38.7300,37.7900,38.2500,13.0672,2063300,0.0000,1.0000
2002-04-03,38.8000,38.9400,38.0400,38.4800,13.1458,657000,0.0000,1.0000
2002-04-02,38.6600,38.9500,38.2600,38.8100,13.2585,266700,0.0000,1.0000
2002-04-01,38.9900,38.9900,38.1000,38.8300,13.2653,387300,0.0000,1.0000
2002-03-28,38.3100,39.4000,37.1100,38.9300,13.2995,869500,0.0000,1.0000
2002-03-27,38.3400,39.4700,38.3400,38.9100,13.2927,336400,0.0000,1.0000
2002-03-26,37.8500,39.2000,37.8500,38.6700,13.2107,492100,0.0000,1.0000
2002-03-25,38.5900,38.8000,37.9300,38.2200,13.0569,480700,0.0000,1.0000
2002-03-22,39.6400,39.7000,38.5300,38.6500,13.2038,1096800,0.0000,1.0000
2002-03-21,40.0000,40.0000,39.2700,39.7200,13.5694,428100,0.0000,1.0000
2002-03-20,40.5800,40.5800,39.7600,39.9400,13.6445,528000,0.0000,1.0000
2002-03-19,40.7800,41.2600,40.5400,40.7000,13.9042,287500,0.1600,1.0000
2002-03-18,40.6000,41.3700,40.5800,40.8300,13.8940,344900,0.0000,1.0000
2002-03-15,41.4200,41.4200,40.3800,41.0400,13.9654,468800,0.0000,1.0000
2002-03-14,41.2600,41.2600,40.5200,40.8000,13.8838,479200,0.0000,1.0000
2002-03-13,40.4200,40.6400,39.8500,40.5300,13.7919,672100,0.0000,1.0000
2002-03-12,40.7400,40.7400,40.1900,40.4900,13.7783,420600,0.0000,1.0000
2002-03-11,41.4000,41.5100,40.5900,40.8200,13.8906,564400,0.0000,1.0000
2002-03-08,41.2300,42.2200,41.2000,41.4100,14.0913,522700,0.0000,1.0000
2002-03-07,41.9600,42.6900,40.8400,41.2100,14.0233,1160800,0.0000,1.0000
2002-03-06,41.6400,42.3400,40.8200,41.9500,14.2751,875200,0.0000,1.0000
2002-03-05,40.6900,42.5000,40.5000,41.9900,14.2887,1414300,0.0000,1.0000
2002-03-04,40.5000,41.9500,40.3100,41.4100,14.0913,725500,0.0000,1.0000
2002-03-01,40.0100,40.5000,39.5800,40.3800,13.7408,412200,0.0000,1.0000
2002-02-28,39.5000,40.2500,39.5000,39.8100,13.5469,578000,0.0000,1.0000
2002-02-27,38.8700,39.6800,38.8700,39.6500,13.4924,607600,0.0000,1.0000
2002-02-26,38.6200,38.9200,38.1900,38.7600,13.1896,556800,0.0000,1.0000
2002-02-25,37.7200,38.9000,37.6800,38.6100,13.1385,835300,0.0000,1.0000
2002-02-22,37.3900,37.8800,37.1800,37.7700,12.8527,673300,0.0000,1.0000
2002-02-21,38.0000,38.5900,37.4600,37.5200,12.7676,709600,0.0000,1.0000
2002-02-20,38.3400,38.3400,36.6900,38.1900,12.9956,1112700,0.0000,1.0000
2002-02-19,38.0400,38.1300,36.8700,36.9700,12.5805,990600,0.0000,1.0000
2002-02-15,39.0100,39.0100,38.0400,38.0400,12.9446,301400,0.0000,1.0000
2002-02-14,39.2900,39.5300,38.6400,39.0700,13.2951,301600,0.0000,1.0000
2002-02-13,38.8000,39.4600,38.5000,39.2900,13.3699,362500,0.0000,1.0000
2002-02-12,38.4200,38.5900,38.1000,38.3700,13.0569,375400,0.0000,1.0000
2002-02-11,37.9900,38.9000,37.6800,38.4800,13.0943,473900,0.0000,1.0000
2002-02-08,37.5900,38.6400,37.2100,38.6100,13.1385,716800,0.0000,1.0000
2002-02-07,37.0300,37.7300,36.8200,37.3700,12.7166,468100,0.0000,1.0000
2002-02-06,37.9300,38.4200,36.9200,37.0300,12.6009,912000,0.0000,1.0000
2002-02-05,38.3600,38.4000,37.7300,38.0800,12.9582,621500,0.0000,1.0000
2002-02-04,38.6500,38.7000,38.0200,38.4300,13.0773,710100,0.0000,1.0000
2002-02-01,39.4100,39.4100,36.6600,38.7400,13.1828,930700,0.0000,1.0000
2002-01-31,36.1700,37.7400,36.1700,37.5800,12.7880,626400,0.0000,1.0000
2002-01-30,35.3800,36.3800,34.7100,36.2800,12.3457,665500,0.0000,1.0000
2002-01-29,36.6700,37.0200,35.1200,35.4600,12.0666,814600,0.0000,1.0000
2002-01-28,36.8000,36.8200,36.0900,36.7700,12.5124,413300,0.0000,1.0000
2002-01-25,35.9500,36.5300,35.4300,36.3500,12.3695,608200,0.0000,1.0000
2002-01-24,35.7100,36.5700,35.3000,36.1900,12.3150,547500,0.0000,1.0000
2002-01-23,36.0400,36.0400,35.5900,35.8000,12.1823,384900,0.0000,1.0000
2002-01-22,36.2900,36.5500,35.8100,36.1000,12.2844,388000,0.0000,1.0000
2002-01-18,36.2000,36.8000,36.1000,36.2500,12.3355,467900,0.0000,1.0000
2002-01-17,36.0000,36.7300,35.9500,36.6100,12.4580,450800,0.0000,1.0000
2002-01-16,36.9300,36.9400,36.0300,36.0300,12.2606,408200,0.0000,1.0000
2002-01-15,36.7000,37.1400,36.7000,36.9800,12.5839,938600,0.0000,1.0000
2002-01-14,37.4800,37.4900,36.6500,36.7700,12.5124,1179400,0.0000,1.0000
2002-01-11,37.2100,37.6500,37.0100,37.3700,12.7166,1079300,0.0000,1.0000
2002-01-10,36.6600,36.9100,36.1500,36.8500,12.5396,419500,0.0000,1.0000
2002-01-09,36.1000,37.0300,36.1000,36.4800,12.4137,613900,0.0000,1.0000
2002-01-08,36.4400,36.4500,35.8600,36.1500,12.3014,401400,0.0000,1.0000
2002-01-07,36.2000,36.7100,36.0000,36.2300,12.3286,395500,0.0000,1.0000
2002-01-04,35.1000,36.4400,35.1000,36.2200,12.3252,753700,0.0000,1.0000
2002-01-03,35.2000,35.2000,34.5700,35.2000,11.9781,500000,0.0000,1.0000
2002-01-02,34.6500,34.6900,33.8300,34.5200,11.7468,569800,0.0000,1.0000
2001-12-31,34.1900,35.2300,34.1900,34.7300,11.8182,606900,0.0000,1.0000
2001-12-28,33.6800,34.4800,33.6800,34.3300,11.6821,618500,0.0000,1.0000
2001-12-27,33.7800,34.1700,33.6200,33.6800,11.4609,580000,0.0000,1.0000
2001-12-26,33.6400,34.6600,33.6400,33.9800,11.5630,820100,0.0000,1.0000
2001-12-24,33.9900,34.3700,33.9000,34.2200,11.6447,331900,0.1600,1.0000
2001-12-21,33.8100,34.4700,33.0900,34.1400,11.5634,989000,0.0000,1.0000
2001-12-20,33.3400,33.9000,33.1500,33.4200,11.3195,425100,0.0000,1.0000
2001-12-19,32.5000,33.6600,32.4900,33.3000,11.2789,633600,0.0000,1.0000
2001-12-18,32.8000,33.2000,32.6800,32.7400,11.0892,832000,0.0000,1.0000
2001-12-17,32.9900,33.1000,32.6500,32.8500,11.1264,527400,0.0000,1.0000
2001-12-14,33.6500,33.7500,32.9700,33.0500,11.1942,936000,0.0000,1.0000
2001-12-13,33.6000,33.9200,33.4000,33.6400,11.3940,610700,0.0000,1.0000
2001-12-12,34.1700,34.2500,33.1900,33.6300,11.3906,390000,0.0000,1.0000
2001-12-11,33.8500,34.5400,33.5000,34.1800,11.5769,465000,0.0000,1.0000
2001-12-10,34.3800,34.7500,33.8200,33.8600,11.4685,820800,0.0000,1.0000
2001-12-07,34.8900,34.8900,33.8800,34.7500,11.7700,906400,0.0000,1.0000
2001-12-06,35.0000,35.0000,33.6100,34.5600,11.7056,828000,0.0000,1.0000
2001-12-05,32.4900,33.8100,32.4700,33.5400,11.3602,766100,0.0000,1.0000
2001-12-04,31.0800,32.4600,30.9500,32.4600,10.9944,614700,0.0000,1.0000
2001-12-03,31.8400,31.8400,30.7800,31.0600,10.5202,567200,0.0000,1.0000
2001-11-30,31.8100,32.6000,31.3300,31.7000,10.7369,697900,0.0000,1.0000
2001-11-29,31.4300,31.9900,31.1400,31.8500,10.7877,409800,0.0000,1.0000
2001-11-28,32.0400,32.0400,31.1400,31.3900,10.6319,645600,0.0000,1.0000
2001-11-27,31.6500,32.2500,31.5000,31.9500,10.8216,373200,0.0000,1.0000
2001-11-26,31.7500,32.0000,31.5000,31.7700,10.7606,448800,0.0000,1.0000
2001-11-23,31.9600,31.9600,31.2500,31.8300,10.7810,161800,0.0000,1.0000
2001-11-21,31.6200,31.6200,31.1700,31.3700,10.6252,175800,0.0000,1.0000
2001-11-20,31.7600,32.0900,31.5000,31.5000,10.6692,260300,0.0000,1.0000
2001-11-19,31.2300,32.4600,31.2200,31.9200,10.8115,693400,0.0000,1.0000
2001-11-16,31.6100,31.8900,31.2000,31.3500,10.6184,358400,0.0000,1.0000
2001-11-15,32.4500,32.4600,31.4600,31.7900,10.7674,442900,0.0000,1.0000
2001-11-14,30.8500,32.7200,30.8500,32.4600,10.9944,1074400,0.0000,1.0000
2001-11-13,30.3600,31.2100,30.3400,30.7700,10.4219,1085900,0.0000,1.0000
2001-11-12,29.6800,30.3600,28.5000,30.2800,10.2560,751200,0.0000,1.0000
2001-11-09,29.4500,30.1100,29.0600,29.6800,10.0528,229200,0.0000,1.0000
2001-11-08,30.5900,31.0000,29.4300,29.4600,9.9782,477600,0.0000,1.0000
2001-11-07,30.3200,30.3200,29.0000,30.2500,10.2458,571300,0.0000,1.0000
2001-11-06,28.7000,29.7000,28.4000,29.6900,10.0561,312500,0.0000,1.0000
2001-11-05,28.2200,29.3400,27.9500,28.9300,9.7987,333300,0.0000,1.0000
2001-11-02,27.5300,28.2000,27.5000,27.9600,9.4702,477500,0.0000,1.0000
2001-11-01,27.6300,28.7600,27.0800,27.3000,9.2466,1385700,0.0000,1.0000
2001-10-31,27.8600,29.0200,27.6100,27.7600,9.4024,559400,0.0000,1.0000
2001-10-30,28.1000,28.1000,27.2700,27.8500,9.4329,459400,0.0000,1.0000
2001-10-29,27.7700,27.9400,27.0900,27.6600,9.3686,603800,0.0000,1.0000
2001-10-26,27.7900,28.2900,27.5000,27.9100,9.4532,1142800,0.0000,1.0000
2001-10-25,27.9300,28.1500,27.4500,27.7900,9.4126,1074400,0.0000,1.0000
2001-10-24,28.8500,28.8500,28.1000,28.2500,9.5684,582600,0.0000,1.0000
2001-10-23,29.9300,29.9400,28.5800,28.7800,9.7479,614800,0.0000,1.0000
2001-10-22,28.1700,29.6600,27.8500,29.5500,10.0087,449000,0.0000,1.0000
2001-10-19,28.5000,29.0000,27.8200,28.3600,9.6057,687100,0.0000,1.0000
2001-10-18,29.0000,29.5500,28.0400,28.1300,9.5278,437100,0.0000,1.0000
2001-10-17,29.6100,30.3000,28.7500,28.9900,9.8190,463600,0.0000,1.0000
2001-10-16,29.2000,29.8500,29.0900,29.5200,9.9986,365200,0.0000,1.0000
2001-10-15,29.4300,29.8600,28.7800,29.1000,9.8563,554200,0.0000,1.0000
2001-10-12,30.0400,30.0500,28.8300,29.4200,9.9647,569500,0.0000,1.0000
2001-10-11,29.6000,30.4500,29.4500,30.0500,10.1781,1484700,0.0000,1.0000
2001-10-10,28.5900,29.4500,28.5600,29.3700,9.9478,867500,0.0000,1.0000
2001-10-09,28.7400,29.2500,28.3800,28.7900,9.7513,394200,0.0000,1.0000
2001-10-08,29.6800,29.6800,28.6700,28.7500,9.7378,258200,0.0000,1.0000
2001-10-05,31.0000,31.0000,29.0300,29.8000,10.0934,480600,0.0000,1.0000
2001-10-04,31.3000,31.3000,30.2000,30.5100,10.3339,427600,0.0000,1.0000
2001-10-03,30.6700,30.6700,28.5500,30.6700,10.3881,884500,0.0000,1.0000
2001-10-02,28.7300,29.4400,28.0600,28.9800,9.8157,920700,0.0000,1.0000
2001-10-01,28.8900,28.9000,27.9400,28.4800,9.6463,872900,0.0000,1.0000
2001-09-28,27.9700,29.9500,27.9700,29.3000,9.9240,1061900,0.0000,1.0000
2001-09-27,28.0400,28.5500,27.5500,28.0500,9.5007,1066300,0.0000,1.0000
2001-09-26,28.3100,29.0500,28.2200,28.7300,9.7310,524000,0.0000,1.0000
2001-09-25,27.7600,28.6300,27.2700,28.4500,9.6361,1112600,0.0000,1.0000
2001-09-24,26.1200,28.6200,26.0600,27.6500,9.3652,1433200,0.0000,1.0000
2001-09-21,26.5300,26.5300,23.4400,25.7000,8.7047,1950300,0.0000,1.0000
2001-09-20,30.2600,30.2600,27.3500,27.5700,9.3381,1278300,0.0000,1.0000
2001-09-19,32.5000,32.5000,28.4100,30.6600,10.3847,2020500,0.1500,1.0000
2001-09-18,32.4900,32.5400,31.7900,32.0500,10.8026,683700,0.0000,1.0000
2001-09-17,34.1400,34.1500,32.1000,32.3500,10.9038,805500,0.0000,1.0000
2001-09-10,34.2500,35.4600,34.1800,35.0400,11.8104,815100,0.0000,1.0000
2001-09-07,35.7300,35.8000,34.0200,34.8800,11.7565,815800,0.0000,1.0000
2001-09-06,37.7900,37.8000,36.4700,36.4700,12.2924,799700,0.0000,1.0000
2001-09-05,37.9900,38.0900,37.3300,37.6900,12.7036,635200,0.0000,1.0000
2001-09-04,37.0800,38.0700,37.0100,37.8000,12.7407,688400,0.0000,1.0000
2001-08-31,36.7300,37.9500,36.7300,37.3900,12.6025,429300,0.0000,1.0000
2001-08-30,37.5800,38.0400,36.7900,36.8800,12.4306,372200,0.0000,1.0000
2001-08-29,38.2100,38.4900,37.8100,38.0100,12.8115,317500,0.0000,1.0000
2001-08-28,39.3600,39.8000,38.2400,38.3100,12.9126,503900,0.0000,1.0000
2001-08-27,39.8400,40.1700,39.3000,39.3200,13.2530,571000,0.0000,1.0000
2001-08-24,38.5000,40.4800,38.3300,40.4500,13.6339,783300,0.0000,1.0000
2001-08-23,37.9100,38.6100,37.8000,38.6000,13.0103,579900,0.0000,1.0000
2001-08-22,37.6100,38.3300,37.1500,37.9200,12.7812,692800,0.0000,1.0000
2001-08-21,37.4700,38.3900,37.0500,37.3700,12.5958,1058800,0.0000,1.0000
2001-08-20,36.5000,37.4700,36.3700,37.4600,12.6261,541900,0.0000,1.0000
2001-08-17,37.4000,37.5400,36.6500,36.8400,12.4171,624000,0.0000,1.0000
2001-08-16,37.7500,38.1200,37.5000,37.6600,12.6935,722300,0.0000,1.0000
2001-08-15,37.7500,38.1400,37.5500,37.7300,12.7171,323100,0.0000,1.0000
2001-08-14,37.3400,37.8500,37.2800,37.6200,12.6800,224300,0.0000,1.0000
2001-08-13,37.2600,37.3300,36.8600,37.2600,12.5587,219400,0.0000,1.0000
2001-08-10,36.8500,37.1000,35.9000,36.8600,12.4239,282200,0.0000,1.0000
2001-08-09,37.1500,37.3800,36.7000,36.8500,12.4205,344400,0.0000,1.0000
2001-08-08,37.7700,37.9700,37.1600,37.3500,12.5890,278800,0.0000,1.0000
2001-08-07,38.0000,38.6200,37.8300,38.0000,12.8081,281200,0.0000,1.0000
2001-08-06,38.6100,38.6900,37.8600,38.1300,12.8519,354400,0.0000,1.0000
2001-08-03,38.4100,38.6000,38.0000,38.5100,12.9800,159200,0.0000,1.0000
2001-08-02,38.5300,38.6500,38.0200,38.5300,12.9868,269200,0.0000,1.0000
2001-08-01,37.9600,38.4700,37.9500,38.2000,12.8755,217200,0.0000,1.0000
2001-07-31,37.8900,38.5700,37.7000,37.9600,12.7946,507900,0.0000,1.0000
2001-07-30,37.9900,38.0300,36.7000,37.5400,12.6531,308600,0.0000,1.0000
2001-07-27,37.3300,37.7700,36.8500,37.4500,12.6227,346200,0.0000,1.0000
2001-07-26,36.5600,37.2800,36.0000,37.2700,12.5621,436400,0.0000,1.0000
2001-07-25,36.6000,37.1400,36.5100,36.8400,12.4171,370600,0.0000,1.0000
2001-07-24,36.5800,37.2900,36.5700,36.6100,12.3396,411000,0.0000,1.0000
2001-07-23,35.8900,37.3000,35.8900,36.8800,12.4306,963700,0.0000,1.0000
2001-07-20,35.2500,36.3300,35.0600,36.0600,12.1542,736600,0.0000,1.0000
2001-07-19,35.7200,36.0300,35.2100,35.4500,11.9486,481500,0.0000,1.0000
2001-07-18,35.1500,35.6800,34.8900,35.6800,12.0261,395200,0.0000,1.0000
2001-07-17,34.6200,35.3300,34.2000,35.2500,11.8812,214000,0.0000,1.0000
2001-07-16,35.6800,35.6800,34.6000,34.6600,11.6823,203700,0.0000,1.0000
2001-07-13,34.6200,35.6600,34.6000,35.4700,11.9554,366700,0.0000,1.0000
2001-07-12,34.0000,34.9800,33.9000,34.7400,11.7093,625400,0.0000,1.0000
2001-07-11,34.8500,35.0500,33.8600,34.2000,11.5273,723500,0.0000,1.0000
2001-07-10,35.1500,35.1500,34.4300,34.6600,11.6823,808800,0.0000,1.0000
2001-07-09,35.9500,35.9500,35.1000,35.2000,11.8644,434400,0.0000,1.0000
2001-07-06,36.4200,36.4200,35.2900,35.5800,11.9924,281900,0.0000,1.0000
2001-07-05,36.4300,36.4900,36.2100,36.2600,12.2216,480800,0.0000,1.0000
2001-07-03,36.9300,37.0500,36.2500,36.3000,12.2351,364100,0.0000,1.0000
2001-07-02,37.2900,37.3000,36.4000,36.9400,12.4508,809400,0.0000,1.0000
2001-06-29,37.0100,37.9300,36.1900,37.3900,12.6025,560300,0.0000,1.0000
2001-06-28,36.6700,37.4000,36.6600,36.7500,12.3868,325600,0.0000,1.0000
2001-06-27,36.7400,36.8400,36.3000,36.6500,12.3531,293900,0.0000,1.0000
2001-06-26,36.0500,36.6100,35.3100,36.5900,12.3329,281000,0.0000,1.0000
2001-06-25,36.2500,36.6100,35.9700,36.3900,12.2655,289000,0.0000,1.0000
2001-06-22,36.9600,37.0700,35.9500,36.3500,12.2520,297200,0.0000,1.0000
2001-06-21,36.3900,37.1000,35.9000,37.0500,12.4879,821100,0.0000,1.0000
2001-06-20,35.7500,36.4900,35.5300,36.3000,12.2351,376800,0.1500,1.0000
2001-06-19,34.8700,36.1500,34.8200,35.7500,12.0002,273700,0.0000,1.0000
2001-06-18,34.0500,35.0400,34.0300,34.8600,11.7014,181700,0.0000,1.0000
2001-06-15,34.2200,35.3500,34.1900,34.2500,11.4966,909500,0.0000,1.0000
2001-06-14,35.1000,35.4500,34.3000,34.3700,11.5369,383200,0.0000,1.0000
2001-06-13,35.5500,36.5000,34.9000,34.9600,11.7350,452400,0.0000,1.0000
2001-06-12,35.4500,36.2800,35.0400,35.7400,11.9968,267300,0.0000,1.0000
2001-06-11,36.5600,36.8100,35.5400,36.3100,12.1881,117200,0.0000,1.0000
2001-06-08,36.5300,36.8000,35.7500,36.8000,12.3526,109200,0.0000,1.0000
2001-06-07,36.9800,37.2000,36.3400,36.6400,12.2989,200400,0.0000,1.0000
2001-06-06,37.5600,37.5600,36.7000,36.8900,12.3828,376000,0.0000,1.0000
2001-06-05,36.5200,37.4400,36.3500,37.2600,12.5070,835100,0.0000,1.0000
2001-06-04,36.5400,36.8000,36.0000,36.7100,12.3224,284300,0.0000,1.0000
2001-06-01,36.7000,36.7500,35.6000,36.2800,12.1781,294100,0.0000,1.0000
2001-05-31,36.4000,37.1800,36.3000,36.6900,12.3157,476800,0.0000,1.0000
2001-05-30,36.8500,36.9900,36.5200,36.5200,12.2586,532400,0.0000,1.0000
2001-05-29,36.6600,36.9100,36.4500,36.9100,12.3895,312400,0.0000,1.0000
2001-05-25,36.5000,36.9000,36.5000,36.6900,12.3157,575400,0.0000,1.0000
2001-05-24,36.1000,36.7500,35.8100,36.6700,12.3090,456900,0.0000,1.0000
2001-05-23,36.5000,36.5600,35.9900,36.1700,12.1411,415900,0.0000,1.0000
2001-05-22,35.6400,37.0900,35.5500,36.8000,12.3526,823100,0.0000,1.0000
2001-05-21,35.4600,36.1800,35.1500,36.0200,12.0908,760200,0.0000,1.0000
2001-05-18,35.8600,35.8600,35.2600,35.3300,11.8592,484000,0.0000,1.0000
2001-05-17,35.8800,36.0300,35.5600,35.8600,12.0371,346300,0.0000,1.0000
2001-05-16,35.0500,36.1900,34.8500,35.8700,12.0404,523600,0.0000,1.0000
2001-05-15,34.9000,35.3400,34.6100,35.0000,11.7484,332600,0.0000,1.0000
2001-05-14,35.1000,35.1600,34.5100,34.9800,11.7417,173900,0.0000,1.0000
2001-05-11,34.8900,35.2300,34.3200,35.0500,11.7652,345600,0.0000,1.0000
2001-05-10,35.4200,35.4800,35.0000,35.0900,11.7786,221800,0.0000,1.0000
2001-05-09,35.1700,35.3500,34.6600,35.0900,11.7786,262400,0.0000,1.0000
2001-05-08,35.8000,35.8000,34.9500,35.0700,11.7719,286700,0.0000,1.0000
2001-05-07,35.6100,36.0500,35.3600,35.5400,11.9297,363700,0.0000,1.0000
2001-05-04,35.1300,35.5600,34.9500,35.4500,11.8995,486600,0.0000,1.0000
2001-05-03,35.5800,35.6000,34.9500,35.5600,11.9364,336200,0.0000,1.0000
2001-05-02,35.0500,36.0200,35.0000,35.5600,11.9364,406200,0.0000,1.0000
2001-05-01,34.7000,35.5600,34.1500,35.5600,11.9364,370600,0.0000,1.0000
2001-04-30,36.0100,36.1800,34.7000,34.7600,11.6678,311800,0.0000,1.0000
2001-04-27,35.0400,35.9200,34.9900,35.7700,12.0069,509600,0.0000,1.0000
2001-04-26,34.8800,35.3000,34.4700,34.8200,11.6880,358900,0.0000,1.0000
2001-04-25,34.5500,35.5500,33.1500,34.4700,11.5705,407200,0.0000,1.0000
2001-04-24,34.7700,35.0000,34.3500,34.4000,11.5470,562900,0.0000,1.0000
2001-04-23,36.2400,36.2400,34.5000,34.7600,11.6678,803900,0.0000,1.0000
2001-04-20,36.9500,37.0000,35.4400,36.3500,12.2016,365900,0.0000,1.0000
2001-04-19,37.4100,37.4900,36.2000,36.9500,12.4030,517000,0.0000,1.0000
2001-04-18,34.5200,37.5600,34.1800,37.5300,12.5976,1434600,0.0000,1.0000
2001-04-17,32.9900,34.3600,32.9200,34.2400,11.4933,744800,0.0000,1.0000
2001-04-16,33.7300,33.9800,33.2800,33.5900,11.2751,532800,0.0000,1.0000
2001-04-12,33.9700,34.0500,33.3300,33.7500,11.3288,874600,0.0000,1.0000
2001-04-11,32.3600,34.1700,32.2300,34.0300,11.4228,1111200,0.0000,1.0000
2001-04-10,30.3300,32.4200,30.0500,32.2800,10.8354,1001500,0.0000,1.0000
2001-04-09,29.8600,30.2200,29.6500,30.2200,10.1439,618800,0.0000,1.0000
2001-04-06,30.8800,30.8800,29.6300,29.7500,9.9861,642000,0.0000,1.0000
2001-04-05,28.9400,31.2500,28.8800,31.0000,10.4057,877800,0.0000,1.0000
2001-04-04,29.2500,29.3800,27.8100,28.5600,9.5867,649900,0.0000,1.0000
2001-04-03,30.7500,30.9400,29.1900,29.3800,9.8619,414400,0.0000,1.0000
2001-04-02,31.4400,32.1300,30.6900,30.7500,10.3218,551900,0.0000,1.0000
2001-03-30,31.0600,31.5000,30.7500,31.3100,10.5098,318600,0.0000,1.0000
2001-03-29,31.1400,31.6300,30.7300,30.8100,10.3419,377100,0.0000,1.0000
2001-03-28,32.1600,32.3100,31.1300,31.3100,10.5098,457500,0.0000,1.0000
2001-03-27,30.3800,32.5300,30.3800,32.2500,10.8253,704600,0.0000,1.0000
2001-03-26,30.2500,31.5200,30.1300,30.6300,10.2815,289600,0.0000,1.0000
2001-03-23,29.7500,30.6300,29.4400,30.2500,10.1540,851500,0.0000,1.0000
2001-03-22,31.0000,31.0600,28.5600,29.1300,9.7780,1920600,0.0000,1.0000
2001-03-21,32.3800,32.5000,30.5600,30.6900,10.3017,582700,0.1500,1.0000
2001-03-20,33.7500,34.0000,31.8100,32.0000,10.6892,616900,0.0000,1.0000
2001-03-19,32.4400,34.0000,31.8100,33.8100,11.2938,887900,0.0000,1.0000
2001-03-16,33.0000,33.6300,32.0000,32.0600,10.7092,1108600,0.0000,1.0000
2001-03-15,34.1300,34.6900,33.0600,33.3100,11.1267,1099200,0.0000,1.0000
2001-03-14,34.8100,35.0000,33.8100,34.0600,11.3773,892500,0.0000,1.0000
2001-03-13,34.6300,35.7500,34.3100,35.0600,11.7113,1218800,0.0000,1.0000
2001-03-12,35.2500,35.5000,34.5600,34.5600,11.5443,367800,0.0000,1.0000
2001-03-09,36.0600,36.3800,35.1300,35.6300,11.9017,211600,0.0000,1.0000
2001-03-08,37.0000,37.5600,36.0600,36.3800,12.1522,202900,0.0000,1.0000
2001-03-07,38.5000,38.5000,36.5000,36.7500,12.2758,395800,0.0000,1.0000
2001-03-06,37.5000,38.5600,37.1300,37.4400,12.5063,327900,0.0000,1.0000
2001-03-05,37.0600,37.1900,35.8800,37.0000,12.3593,351000,0.0000,1.0000
2001-03-02,36.0600,37.2500,36.0000,36.8800,12.3192,403200,0.0000,1.0000
2001-03-01,35.1300,36.4400,34.8800,36.4400,12.1723,639600,0.0000,1.0000
2001-02-28,36.4400,36.6300,35.4400,35.6900,11.9217,693500,0.0000,1.0000
2001-02-27,36.3800,36.9400,35.9400,36.2500,12.1088,366600,0.0000,1.0000
2001-02-26,34.9400,36.7500,34.9400,36.6900,12.2558,992600,0.0000,1.0000
2001-02-23,34.3400,35.1300,33.6300,34.8800,11.6512,941900,0.0000,1.0000
2001-02-22,34.7500,35.2500,33.5000,34.7500,11.6077,1074300,0.0000,1.0000
2001-02-21,36.3000,36.6900,34.7500,34.8100,11.6278,688900,0.0000,1.0000
2001-02-20,37.6100,37.6300,36.3100,36.5600,12.2124,573500,0.0000,1.0000
2001-02-16,37.1900,37.4400,36.2500,37.1900,12.4228,355000,0.0000,1.0000
2001-02-15,37.0200,37.9400,37.0000,37.3100,12.4629,725000,0.0000,1.0000
2001-02-14,37.6300,38.1300,36.6900,36.8800,12.3192,424900,0.0000,1.0000
2001-02-13,38.3100,38.3800,37.3800,37.6300,12.5698,422600,0.0000,1.0000
2001-02-12,37.7500,38.5000,37.3800,38.3100,12.7969,184200,0.0000,1.0000
2001-02-09,37.5900,38.0000,36.9400,37.7500,12.6099,786100,0.0000,1.0000
2001-02-08,37.1300,38.1300,37.0600,37.8100,12.6299,441100,0.0000,1.0000
2001-02-07,37.7500,37.8100,36.1900,36.9400,12.3393,755700,0.0000,1.0000
2001-02-06,38.7200,38.7500,37.6900,37.8800,12.6533,315300,0.0000,1.0000
2001-02-05,38.1900,38.4400,37.3800,38.3800,12.8203,220900,0.0000,1.0000
2001-02-02,38.6300,39.3100,37.8100,37.9400,12.6733,280400,0.0000,1.0000
2001-02-01,38.8800,39.1300,38.4400,38.6900,12.9239,568400,0.0000,1.0000
2001-01-31,39.1900,39.3800,38.6900,39.0000,13.0274,523000,0.0000,1.0000
2001-01-30,39.6300,39.6300,38.9400,39.1300,13.0708,526500,0.0000,1.0000
2001-01-29,38.1900,40.0000,38.1300,39.6300,13.2378,609800,0.0000,1.0000
2001-01-26,38.5000,39.6300,37.4400,38.1900,12.7568,883400,0.0000,1.0000
2001-01-25,39.4400,39.7500,38.1900,39.6900,13.2579,766100,0.0000,1.0000
2001-01-24,41.0000,42.2500,39.8100,40.0000,13.3614,1195900,0.0000,1.0000
2001-01-23,42.8800,43.3800,42.3100,42.6900,14.2600,360200,0.0000,1.0000
2001-01-22,42.2500,42.5000,41.9400,42.5000,14.1965,288300,0.0000,1.0000
2001-01-19,42.2500,42.8100,42.0000,42.2500,14.1130,374600,0.0000,1.0000
2001-01-18,42.5000,42.7500,41.5000,42.5600,14.2166,620100,0.0000,1.0000
2001-01-17,42.6300,43.1300,42.2500,42.4400,14.1765,507100,0.0000,1.0000
2001-01-16,42.4400,42.6900,41.5000,42.1900,14.0930,272800,0.0000,1.0000
2001-01-12,41.5000,42.5600,41.1300,41.8100,13.9660,688500,0.0000,1.0000
2001-01-11,41.5600,41.8800,41.0000,41.0000,13.6955,694600,0.0000,1.0000
2001-01-10,41.8100,42.2500,40.6900,41.4400,13.8425,336200,0.0000,1.0000
2001-01-09,42.9400,43.0000,41.1300,41.9400,14.0095,544400,0.0000,1.0000
2001-01-08,41.3400,42.5000,40.8100,42.3100,14.1331,538100,0.0000,1.0000
2001-01-05,41.1100,41.8100,40.1900,41.2500,13.7790,432600,0.0000,1.0000
2001-01-04,42.7800,43.9400,40.8100,40.8800,13.6554,1631300,0.0000,1.0000
2001-01-03,40.0000,42.9400,39.8100,42.5000,14.1965,832200,0.0000,1.0000
2001-01-02,42.5000,43.5000,40.1300,40.2500,13.4449,314200,0.0000,1.0000
2000-12-29,43.6300,44.0600,42.0600,42.2700,14.1197,349600,0.0000,1.0000
2000-12-28,42.4100,44.0000,41.8100,43.5600,14.5506,387400,0.0000,1.0000
2000-12-27,42.4400,42.7500,41.7500,42.6300,14.2400,218700,0.1500,1.0000
2000-12-26,40.9400,43.1200,40.2500,42.3100,14.0835,421500,0.0000,1.0000
2000-12-22,40.4400,41.0000,39.7500,40.9400,13.6275,315400,0.0000,1.0000
2000-12-21,39.0300,40.5000,38.3800,40.3100,13.4178,475900,0.0000,1.0000
2000-12-20,40.1900,40.5600,38.1300,39.0600,13.0017,450200,0.0000,1.0000
2000-12-19,40.3100,42.8100,39.6300,40.0600,13.3346,512700,0.0000,1.0000
2000-12-18,40.2800,42.1900,39.8800,40.1100,13.3512,436200,0.0000,1.0000
2000-12-15,40.8100,40.8100,39.3100,39.9400,13.2946,879700,0.0000,1.0000
2000-12-14,40.9100,41.2500,39.5600,40.2500,13.3978,367500,0.0000,1.0000
2000-12-13,41.2500,41.2500,40.5000,40.8100,13.5842,2782800,0.0000,1.0000
2000-12-12,41.8400,41.8800,40.4400,40.7500,13.5642,441500,0.0000,1.0000
2000-12-11,42.0000,43.2500,41.8800,42.8800,14.2732,299600,0.0000,1.0000
2000-12-08,39.8800,42.5000,39.8800,41.4400,13.7939,386500,0.0000,1.0000
2000-12-07,39.5000,40.5000,39.3800,39.9400,13.2946,341500,0.0000,1.0000
2000-12-06,40.2500,41.0200,38.7500,39.3800,13.1082,1203000,0.0000,1.0000
2000-12-05,38.8800,40.6300,38.3800,40.0000,13.3146,365800,0.0000,1.0000
2000-12-04,37.8100,38.5000,37.5000,38.0600,12.6688,404300,0.0000,1.0000
2000-12-01,37.0000,38.6900,36.6400,38.2500,12.7321,1199000,0.0000,1.0000
2000-11-30,37.0000,37.6700,35.0600,36.5000,12.1496,821600,0.0000,1.0000
2000-11-29,37.1900,37.3800,36.8800,37.0600,12.3360,854600,0.0000,1.0000
2000-11-28,35.7500,37.4400,35.6900,36.9400,12.2960,876800,0.0000,1.0000
2000-11-27,37.0600,38.1300,37.0000,37.5600,12.5024,1157600,0.0000,1.0000
2000-11-24,36.8800,37.0000,36.0200,36.8000,12.2494,344400,0.0000,1.0000
2000-11-22,36.9400,37.0000,35.2500,35.9400,11.9632,561500,0.0000,1.0000
2000-11-21,38.4400,38.4400,36.2500,37.0000,12.3160,1397900,0.0000,1.0000
2000-11-20,39.5000,40.0000,38.1300,39.0000,12.9817,717600,0.0000,1.0000
2000-11-17,41.2500,41.2500,38.9400,40.2500,13.3978,542000,0.0000,1.0000
2000-11-16,42.0000,42.0000,40.2500,41.0000,13.6475,670200,0.0000,1.0000
2000-11-15,41.5000,42.3800,41.0600,41.4400,13.7939,836800,0.0000,1.0000
2000-11-14,42.0300,42.9400,40.9400,41.3100,13.7506,738700,0.0000,1.0000
2000-11-13,44.9400,45.2500,41.0000,41.3100,13.7506,1008400,0.0000,1.0000
2000-11-10,46.6900,46.7500,45.2500,46.0600,15.3317,772200,0.0000,1.0000
2000-11-09,47.0000,47.5000,46.1900,46.8400,15.5914,184200,0.0000,1.0000
2000-11-08,48.0600,48.4400,46.0600,47.1300,15.6879,202100,0.0000,1.0000
2000-11-07,48.0000,48.1300,47.0600,47.0600,15.6646,478300,0.0000,1.0000
2000-11-06,47.9400,47.9400,47.0600,47.5600,15.8310,400800,0.0000,1.0000
2000-11-03,47.0600,48.3800,46.8800,47.7500,15.8943,741700,0.0000,1.0000
2000-11-02,46.1600,47.0000,46.1300,46.9400,15.6247,524300,0.0000,1.0000
2000-11-01,46.7800,46.8100,44.7500,46.2500,15.3950,574400,0.0000,1.0000
2000-10-31,44.4200,47.3100,44.1300,46.8100,15.5814,719000,0.0000,1.0000
2000-10-30,42.7200,45.0000,42.6900,44.3800,14.7725,687700,0.0000,1.0000
2000-10-27,41.9700,42.7500,41.8800,42.5600,14.1667,503900,0.0000,1.0000
2000-10-26,42.9400,43.6900,41.1300,41.7500,13.8971,756800,0.0000,1.0000
2000-10-25,43.3600,43.5000,42.1300,43.0600,14.3332,406600,0.0000,1.0000
2000-10-24,42.3800,43.5600,42.3100,42.8800,14.2732,534300,0.0000,1.0000
2000-10-23,43.0600,43.2500,41.8100,42.0600,14.0003,366300,0.0000,1.0000
2000-10-20,41.0000,43.0000,40.5000,42.8800,14.2732,818300,0.0000,1.0000
2000-10-19,39.7200,40.9400,39.6300,40.8800,13.6075,1177300,0.0000,1.0000
2000-10-18,40.8800,40.9400,39.0600,39.3800,13.1082,943900,0.0000,1.0000
2000-10-17,43.4400,43.7500,40.6300,40.9400,13.6275,999000,0.0000,1.0000
2000-10-16,43.5600,43.6300,41.8100,42.8800,14.2732,454100,0.0000,1.0000
2000-10-13,41.6900,42.8800,40.6300,42.8100,14.2499,513200,0.0000,1.0000
2000-10-12,42.1900,42.2500,40.0000,40.7500,13.5642,538200,0.0000,1.0000
2000-10-11,41.6300,41.6900,40.3100,41.4400,13.7939,879100,0.0000,1.0000
2000-10-10,44.0900,44.1300,41.2500,41.8800,13.9404,623600,0.0000,1.0000
2000-10-09,45.3100,45.3800,43.6300,43.9400,14.6261,264500,0.0000,1.0000
2000-10-06,46.8800,46.8800,44.7500,45.2500,15.0621,355700,0.0000,1.0000
2000-10-05,46.4400,47.0000,45.5600,46.8800,15.6047,481400,0.0000,1.0000
2000-10-04,46.8100,46.8800,45.5600,45.8100,15.2485,200700,0.0000,1.0000
2000-10-03,47.2500,47.2500,45.8800,46.2500,15.3950,510000,0.0000,1.0000
2000-10-02,46.8100,48.1300,46.7500,47.1300,15.6879,678700,0.0000,1.0000
2000-09-29,46.9400,47.3800,46.5000,46.9400,15.6247,655000,0.0000,1.0000
2000-09-28,47.3100,47.3800,46.2500,47.0000,15.6446,523100,0.0000,1.0000
2000-09-27,47.3100,48.2500,47.1300,47.2500,15.7279,634000,0.0000,1.0000
2000-09-26,47.7800,47.8800,45.7500,46.4400,15.4582,334700,0.0000,1.0000
2000-09-25,47.2500,48.9400,47.1900,47.4400,15.7911,479500,0.0000,1.0000
2000-09-22,47.0600,47.8100,46.3800,47.4400,15.7911,356400,0.0000,1.0000
2000-09-21,47.4700,48.3100,46.5600,47.7500,15.8943,785100,0.0000,1.0000
2000-09-20,47.7200,47.7500,46.4400,47.3100,15.7478,366100,0.1300,1.0000
2000-09-19,45.2500,47.8800,45.1900,47.6900,15.8308,557600,0.0000,1.0000
2000-09-18,47.7200,47.9400,44.2500,44.9400,14.9179,480900,0.0000,1.0000
2000-09-15,48.3800,48.4400,47.5000,48.0000,15.9337,483600,0.0000,1.0000
2000-09-14,48.7500,49.9400,48.1900,48.6300,16.1429,722300,0.0000,1.0000
2000-09-13,48.9400,49.5000,48.2500,48.5000,16.0997,992900,0.0000,1.0000
2000-09-12,46.8800,49.1900,46.7500,47.8100,15.8707,965500,0.0000,1.0000
2000-09-11,46.9700,48.6900,46.7500,47.0600,15.6217,1219400,0.0000,1.0000
2000-09-08,46.8100,47.1300,46.0600,46.8800,15.5619,904300,0.0000,1.0000
2000-09-07,47.5200,47.6300,46.4400,46.5600,15.4557,571100,0.0000,1.0000
2000-09-06,46.6900,47.8800,46.1900,46.9400,15.5819,515600,0.0000,1.0000
2000-09-05,46.8400,47.2500,46.6300,46.7500,15.5188,477400,0.0000,1.0000
2000-09-01,45.5000,46.5600,45.4400,45.8100,15.2067,666400,0.0000,1.0000
2000-08-31,43.7500,45.3100,43.6300,45.2500,15.0209,620800,0.0000,1.0000
2000-08-30,43.2500,44.1300,43.0600,43.8800,14.5661,444500,0.0000,1.0000
2000-08-29,43.0000,43.3100,42.1300,42.6300,14.1511,414100,0.0000,1.0000
2000-08-28,43.2500,43.6900,42.6300,42.6900,14.1711,379400,0.0000,1.0000
2000-08-25,43.0600,43.5000,43.0000,43.1300,14.3171,164700,0.0000,1.0000
2000-08-24,44.0600,44.3800,42.6300,42.9400,14.2540,228600,0.0000,1.0000
2000-08-23,44.6300,44.7500,43.4400,44.0000,14.6059,170800,0.0000,1.0000
2000-08-22,43.0000,45.1300,42.5600,44.5000,14.7719,415200,0.0000,1.0000
2000-08-21,43.1900,43.2500,41.8100,42.7500,14.1910,159500,0.0000,1.0000
2000-08-18,43.7500,43.7500,42.2500,43.0000,14.2740,454700,0.0000,1.0000
2000-08-17,41.9400,43.3800,41.8800,42.9400,14.2540,297600,0.0000,1.0000
2000-08-16,42.9400,43.0600,41.1300,41.8100,13.8789,216500,0.0000,1.0000
2000-08-15,43.7800,44.0000,42.5000,42.5000,14.1080,277500,0.0000,1.0000
2000-08-14,43.0000,43.5600,42.4400,43.3800,14.4001,146900,0.0000,1.0000
2000-08-11,43.3800,43.4800,42.8100,42.9400,14.2540,130600,0.0000,1.0000
2000-08-10,43.5600,43.6700,43.1300,43.3100,14.3769,280700,0.0000,1.0000
2000-08-09,43.3100,43.8800,43.1900,43.5000,14.4399,405500,0.0000,1.0000
2000-08-08,43.4400,43.5000,42.7500,43.3100,14.3769,422500,0.0000,1.0000
2000-08-07,42.4400,43.6300,41.3100,43.5000,14.4399,364200,0.0000,1.0000
2000-08-04,41.4400,43.3100,40.8800,41.9400,13.9221,776000,0.0000,1.0000
2000-08-03,40.9400,41.5600,40.5000,41.3000,13.7096,357900,0.0000,1.0000
2000-08-02,41.6300,41.7500,41.0000,41.4400,13.7561,328800,0.0000,1.0000
2000-08-01,41.0900,41.1300,39.2500,41.0200,13.6167,440800,0.0000,1.0000
2000-07-31,40.1600,41.6300,40.1300,40.8800,13.5702,603500,0.0000,1.0000
2000-07-28,42.5000,42.8800,39.5600,40.3800,13.4042,846000,0.0000,1.0000
2000-07-27,43.2500,43.6300,41.2500,42.0600,13.9619,670300,0.0000,1.0000
2000-07-26,43.5600,43.5600,42.2500,42.3800,14.0682,506100,0.0000,1.0000
2000-07-25,45.8100,46.0000,43.1900,44.1300,14.6491,596700,0.0000,1.0000
2000-07-24,44.4100,45.9800,44.3800,45.2500,15.0209,337600,0.0000,1.0000
2000-07-21,44.2500,44.5000,43.5200,44.4400,14.7520,820300,0.0000,1.0000
2000-07-20,42.4400,45.5600,42.4400,45.3800,15.0640,848100,0.0000,1.0000
2000-07-19,44.1300,44.5600,41.6300,41.8100,13.8789,553200,0.0000,1.0000
2000-07-18,45.5000,45.5600,43.6900,43.9400,14.5860,391100,0.0000,1.0000
2000-07-17,46.3800,46.5600,45.1300,45.6300,15.1470,576900,0.0000,1.0000
2000-07-14,47.0000,47.2500,45.6900,46.5000,15.4358,681700,0.0000,1.0000
2000-07-13,45.1300,47.5000,44.6900,47.1900,15.6648,666100,0.0000,1.0000
2000-07-12,43.6300,45.1900,42.9400,44.5000,14.7719,840900,0.0000,1.0000
2000-07-11,42.4400,43.2500,42.0600,42.2500,14.0250,493500,0.0000,1.0000
2000-07-10,43.4400,43.5000,42.0300,42.2500,14.0250,314700,0.0000,1.0000
2000-07-07,43.0000,44.5000,42.7500,43.1300,14.3171,596100,0.0000,1.0000
2000-07-06,43.2500,43.3100,42.0600,42.3100,14.0449,495000,0.0000,1.0000
2000-07-05,43.6900,44.6300,42.9400,43.0000,14.2740,361000,0.0000,1.0000
2000-07-03,42.6900,44.6900,42.5000,44.0600,14.6258,257200,0.0000,1.0000
2000-06-30,42.0000,43.2500,41.8100,42.5000,14.1080,465800,0.0000,1.0000
2000-06-29,41.9400,42.6300,40.8800,41.6900,13.8391,290800,0.0000,1.0000
2000-06-28,42.8800,43.0000,41.6900,41.7500,13.8590,300100,0.0000,1.0000
2000-06-27,41.5300,43.0000,41.5000,42.8100,14.2109,332500,0.0000,1.0000
2000-06-26,40.7500,41.6300,40.3800,41.6300,13.8192,214800,0.0000,1.0000
2000-06-23,41.7500,42.0000,40.5000,40.6300,13.4872,505300,0.0000,1.0000
2000-06-22,43.5600,44.2500,40.5000,41.1900,13.6731,634500,0.0000,1.0000
2000-06-21,43.8100,44.2500,41.8800,42.6400,14.1545,549600,0.1300,1.0000
2000-06-20,46.7500,46.8100,42.3100,43.2500,14.3133,1071600,0.0000,1.0000
2000-06-19,42.3100,48.0000,42.3100,48.0000,15.8853,1061900,0.0000,1.0000
2000-06-16,43.3800,43.5000,42.0000,42.3800,14.0254,692500,0.0000,1.0000
2000-06-15,44.3800,44.5000,41.7500,42.6900,14.1280,679400,0.0000,1.0000
2000-06-14,43.5600,45.3800,43.5000,44.5000,14.7270,888800,0.0000,1.0000
2000-06-13,41.7500,43.5000,41.7500,43.0600,14.2504,311500,0.0000,1.0000
2000-06-12,42.3800,42.5000,41.3100,42.0000,13.8996,409800,0.0000,1.0000
2000-06-09,41.9400,43.2500,41.5600,42.2500,13.9824,506300,0.0000,1.0000
2000-06-08,43.3800,43.5000,40.4400,41.2500,13.6514,318000,0.0000,1.0000
2000-06-07,43.1300,43.5600,42.0600,43.5000,14.3960,626600,0.0000,1.0000
2000-06-06,43.3800,43.8100,41.0600,42.6300,14.1081,669000,0.0000,1.0000
2000-06-05,41.3800,44.5000,41.1300,43.6900,14.4589,1436200,0.0000,1.0000
2000-06-02,38.7200,41.8800,38.6900,41.8100,13.8368,785500,0.0000,1.0000
2000-06-01,38.4200,39.3800,38.0000,38.4400,12.7215,367700,0.0000,1.0000
2000-05-31,37.0000,39.3900,37.0000,38.1900,12.6387,770400,0.0000,1.0000
2000-05-30,36.4400,37.4400,36.2500,37.3800,12.3707,433900,0.0000,1.0000
2000-05-26,37.4400,37.9400,35.9400,36.1900,11.9768,402300,0.0000,1.0000
2000-05-25,37.9700,38.1900,37.3800,37.4400,12.3905,598000,0.0000,1.0000
2000-05-24,38.5000,38.8800,37.6900,37.7500,12.4931,727000,0.0000,1.0000
2000-05-23,37.6300,38.5000,37.0000,38.0600,12.5957,379300,0.0000,1.0000
2000-05-22,37.1300,38.1300,36.0000,38.0600,12.5957,272600,0.0000,1.0000
2000-05-19,37.8100,38.3800,37.1900,37.4400,12.3905,320000,0.0000,1.0000
2000-05-18,37.9400,39.2500,37.8800,38.7500,12.8241,367600,0.0000,1.0000
2000-05-17,38.3800,38.6300,37.1300,38.0000,12.5759,418400,0.0000,1.0000
2000-05-16,38.1300,40.0000,37.6300,39.3100,13.0094,544900,0.0000,1.0000
2000-05-15,33.1900,38.4400,33.1300,38.1300,12.6189,1281600,0.0000,1.0000
2000-05-12,33.3100,34.0000,32.8800,33.0200,10.9278,445800,0.0000,1.0000
2000-05-11,34.0600,34.3800,33.0000,33.3100,11.0237,547600,0.0000,1.0000
2000-05-10,34.4400,34.6300,33.5000,33.5000,11.0866,259000,0.0000,1.0000
2000-05-09,35.6900,36.3800,34.3800,34.8100,11.5201,259100,0.0000,1.0000
2000-05-08,34.6900,35.6300,34.3800,35.1400,11.6294,327900,0.0000,1.0000
2000-05-05,34.1300,35.1300,33.7500,34.5000,11.4176,304100,0.0000,1.0000
2000-05-04,35.5000,35.7500,33.3800,33.5000,11.0866,583100,0.0000,1.0000
2000-05-03,37.0000,37.0600,34.7500,35.0000,11.5830,394800,0.0000,1.0000
2000-05-02,37.7500,38.1300,35.8800,38.1300,12.6189,1120800,0.0000,1.0000
2000-05-01,38.2200,39.6100,37.5000,37.8100,12.5130,341600,0.0000,1.0000
2000-04-28,37.8400,38.9400,37.3800,38.1300,12.6189,503700,0.0000,1.0000
2000-04-27,38.0000,38.2500,36.6300,37.4400,12.3905,662700,0.0000,1.0000
2000-04-26,38.3100,39.7500,36.8800,39.0000,12.9068,652300,0.0000,1.0000
2000-04-25,40.3800,41.6900,40.2500,41.0300,13.5786,814500,0.0000,1.0000
2000-04-24,37.7500,40.1900,37.6300,39.8100,13.1749,470200,0.0000,1.0000
2000-04-20,39.0600,40.2200,38.0600,39.8100,13.1749,417300,0.0000,1.0000
2000-04-19,39.1900,39.3800,38.1900,38.9400,12.8869,405500,0.0000,1.0000
2000-04-18,36.0000,39.3800,36.0000,39.1900,12.9697,538300,0.0000,1.0000
2000-04-17,33.5000,36.3800,33.2500,36.3800,12.0397,678900,0.0000,1.0000
2000-04-14,37.1300,37.5000,33.8400,34.3800,11.3778,680400,0.0000,1.0000
2000-04-13,39.7300,40.1300,37.5000,37.5000,12.4104,364000,0.0000,1.0000
2000-04-12,40.5000,41.0000,39.2500,39.3100,13.0094,586600,0.0000,1.0000
2000-04-11,40.5500,41.3100,39.0000,40.4700,13.3933,598300,0.0000,1.0000
2000-04-10,40.6300,41.3100,39.3800,40.2500,13.3205,355200,0.0000,1.0000
2000-04-07,38.7500,41.0600,38.1900,40.4400,13.3834,1019700,0.0000,1.0000
2000-04-06,38.6600,39.8800,37.0600,38.5000,12.7413,305300,0.0000,1.0000
2000-04-05,37.2500,38.9400,36.7500,38.5000,12.7413,365400,0.0000,1.0000
2000-04-04,38.3800,39.1900,35.5000,37.1300,12.2879,599400,0.0000,1.0000
2000-04-03,39.4400,39.6300,38.2500,38.4400,12.7215,387600,0.0000,1.0000
2000-03-31,38.6300,39.6300,37.3100,39.5000,13.0723,624000,0.0000,1.0000
2000-03-30,36.0600,39.1300,36.0000,38.3100,12.6784,523800,0.0000,1.0000
2000-03-29,36.8100,38.2500,36.1900,36.5600,12.0993,386500,0.0000,1.0000
2000-03-28,36.1900,36.6300,35.1300,36.0600,11.9338,340700,0.0000,1.0000
2000-03-27,39.7500,39.8800,35.6900,36.5000,12.0794,496400,0.0000,1.0000
2000-03-24,37.8800,39.0000,37.5000,38.5600,12.7612,685400,0.0000,1.0000
2000-03-23,34.8100,38.3100,34.3800,38.1900,12.6387,666700,0.0000,1.0000
2000-03-22,35.8800,36.0000,34.5600,35.0600,11.6029,299700,0.1300,1.0000
2000-03-21,36.0000,36.5600,35.6300,36.0000,11.8700,215000,0.0000,1.0000
2000-03-20,36.3800,37.0000,35.8800,36.0600,11.8897,307000,0.0000,1.0000
2000-03-17,34.5600,36.5000,34.5000,36.3800,11.9953,878900,0.0000,1.0000
2000-03-16,35.6300,36.5600,34.8800,36.0000,11.8700,930800,0.0000,1.0000
2000-03-15,30.4400,35.0000,30.2500,34.8800,11.5007,721100,0.0000,1.0000
2000-03-14,30.8100,31.0600,30.0600,30.1900,9.9543,551300,0.0000,1.0000
2000-03-13,31.1300,31.5000,30.6900,30.7500,10.1389,997600,0.0000,1.0000
2000-03-10,31.4400,33.2500,31.3100,32.0600,10.5709,489600,0.0000,1.0000
2000-03-09,30.8800,32.3800,30.1300,31.8800,10.5115,462000,0.0000,1.0000
2000-03-08,32.2500,32.3100,30.5000,30.8800,10.1818,743000,0.0000,1.0000
2000-03-07,34.0000,34.0600,32.3800,32.5600,10.7357,390600,0.0000,1.0000
2000-03-06,34.0000,34.8100,33.5000,33.6300,11.0885,316500,0.0000,1.0000
2000-03-03,34.7500,34.7500,33.7500,34.0600,11.2303,337300,0.0000,1.0000
2000-03-02,33.5000,34.5600,32.9400,34.3100,11.3127,638300,0.0000,1.0000
2000-03-01,33.3100,33.8100,32.8800,33.3100,10.9830,395600,0.0000,1.0000
2000-02-29,34.2500,34.4400,32.8800,32.9400,10.8610,602300,0.0000,1.0000
2000-02-28,34.3100,34.6300,33.1900,34.2500,11.2929,436500,0.0000,1.0000
2000-02-25,35.4400,35.5000,33.8800,34.1900,11.2732,332100,0.0000,1.0000
2000-02-24,32.5000,35.3800,32.1900,35.3800,11.6655,747700,0.0000,1.0000
2000-02-23,32.4400,33.3800,32.2500,32.3100,10.6533,344900,0.0000,1.0000
2000-02-22,33.2500,33.3100,32.2500,32.6300,10.7588,232000,0.0000,1.0000
2000-02-18,33.1300,33.5000,32.3800,32.4400,10.6962,334900,0.0000,1.0000
2000-02-17,35.3800,35.5600,32.9400,33.3100,10.9830,376800,0.0000,1.0000
2000-02-16,35.2500,36.0000,34.3800,35.3800,11.6655,714400,0.0000,1.0000
2000-02-15,33.5000,36.0000,33.1300,35.3100,11.6424,379300,0.0000,1.0000
2000-02-14,35.3400,35.4400,33.1900,33.6900,11.1083,500000,0.0000,1.0000
2000-02-11,35.6300,36.0000,35.0000,35.0900,11.5699,212900,0.0000,1.0000
2000-02-10,36.0000,36.8800,35.5000,35.6900,11.7677,232100,0.0000,1.0000
2000-02-09,36.6900,37.5000,35.6300,35.9400,11.8502,298700,0.0000,1.0000
2000-02-08,37.1900,37.2500,36.5000,36.6900,12.0975,274800,0.0000,1.0000
2000-02-07,38.8100,38.8100,36.5600,36.6900,12.0975,288200,0.0000,1.0000
2000-02-04,38.7500,38.7500,36.9400,37.1300,12.2425,288800,0.0000,1.0000
2000-02-03,40.0000,40.1300,37.5000,38.4400,12.6745,557900,0.0000,1.0000
2000-02-02,39.1300,39.7500,38.0000,39.6300,13.0668,581500,0.0000,1.0000
2000-02-01,38.6300,39.3100,37.3800,39.1300,12.9020,403600,0.0000,1.0000
2000-01-31,36.2500,38.8800,35.8800,38.8800,12.8196,425800,0.0000,1.0000
2000-01-28,39.3800,39.3800,36.3800,36.5000,12.0348,607900,0.0000,1.0000
2000-01-27,41.8800,42.8800,39.1900,39.2500,12.9416,637800,0.0000,1.0000
2000-01-26,42.3800,42.6300,39.6300,42.0000,13.8483,492000,0.0000,1.0000
2000-01-25,39.4400,42.5000,38.5000,42.3800,13.9736,509900,0.0000,1.0000
2000-01-24,40.1300,41.8800,39.2500,39.5000,13.0240,565500,0.0000,1.0000
2000-01-21,38.8800,40.1900,38.3800,39.9400,13.1691,533600,0.0000,1.0000
2000-01-20,38.5600,38.6300,37.7500,38.1300,12.5723,189900,0.0000,1.0000
2000-01-19,37.6900,39.2500,37.6300,38.1300,12.5723,185900,0.0000,1.0000
2000-01-18,38.8100,38.8800,37.1900,37.5600,12.3843,336800,0.0000,1.0000
2000-01-14,38.7500,39.1300,38.3800,39.0600,12.8789,509600,0.0000,1.0000
2000-01-13,36.6300,39.6900,36.5900,38.5000,12.6943,881700,0.0000,1.0000
2000-01-12,35.5600,36.5000,35.1900,36.5000,12.0348,358600,0.0000,1.0000
2000-01-11,35.0000,35.5600,34.5600,35.0000,11.5402,201200,0.0000,1.0000
2000-01-10,35.3100,35.7500,34.8800,35.0000,11.5402,203800,0.0000,1.0000
2000-01-07,35.2200,35.5000,34.5000,34.7500,11.4578,233100,0.0000,1.0000
2000-01-06,33.9400,35.0000,33.3800,35.0000,11.5402,239100,0.0000,1.0000
2000-01-05,33.7500,34.9400,33.5000,34.1300,11.2534,525200,0.0000,1.0000
2000-01-04,34.6900,35.1300,34.0000,34.0600,11.2303,538100,0.0000,1.0000
2000-01-03,37.0600,37.2500,34.6200,35.1200,11.5798,374400,0.0000,1.0000
1999-12-31,36.8100,37.0000,36.1300,36.9400,12.1799,89600,0.0000,1.0000
1999-12-30,36.7500,37.3800,36.0000,36.0000,11.8700,174400,0.0000,1.0000
1999-12-29,35.3100,37.0000,35.3100,37.0000,12.1997,126800,0.0000,1.0000
1999-12-28,35.6900,35.8800,35.2500,35.5000,11.7051,164400,0.0000,1.0000
1999-12-27,35.8800,36.3800,35.2500,35.8800,11.8304,356400,0.0000,1.0000
1999-12-23,35.5000,35.6300,34.8800,35.3800,11.6655,216700,0.1300,1.0000
1999-12-22,35.4400,35.5600,34.8800,35.2500,11.5801,213800,0.0000,1.0000
1999-12-21,34.7500,36.0000,34.5600,35.2500,11.5801,697900,0.0000,1.0000
1999-12-20,36.5600,36.5600,34.5000,34.8800,11.4586,304700,0.0000,1.0000
1999-12-17,33.7500,35.1300,33.3800,34.5000,11.3337,732700,0.0000,1.0000
1999-12-16,34.0000,34.8800,32.6300,33.6300,11.0479,412800,0.0000,1.0000
1999-12-15,34.9400,35.3800,33.6300,34.4700,11.3239,449800,0.0000,1.0000
1999-12-14,36.6900,36.6900,34.8800,34.8800,11.4586,378300,0.0000,1.0000
1999-12-13,36.3800,37.0000,36.1300,36.1300,11.8692,153400,0.0000,1.0000
1999-12-10,36.9700,37.0000,36.3800,36.3800,11.9513,154600,0.0000,1.0000
1999-12-09,38.1300,38.2500,36.3100,36.3300,11.9349,301500,0.0000,1.0000
1999-12-08,38.8800,38.8800,36.7500,37.4400,12.2996,348000,0.0000,1.0000
1999-12-07,36.8800,39.1300,36.3100,38.8800,12.7726,484000,0.0000,1.0000
1999-12-06,37.1900,37.6900,36.6300,36.6300,12.0335,219000,0.0000,1.0000
1999-12-03,37.0000,38.6300,36.5000,37.6900,12.3817,652800,0.0000,1.0000
1999-12-02,35.6300,37.2500,35.6300,36.5000,11.9908,162200,0.0000,1.0000
1999-12-01,35.7500,36.0600,35.1300,35.6300,11.7050,438400,0.0000,1.0000
1999-11-30,35.5000,36.5600,35.3100,36.0000,11.8265,415700,0.0000,1.0000
1999-11-29,36.6300,36.8100,34.5000,35.3800,11.6228,511600,0.0000,1.0000
1999-11-26,37.4400,38.1300,36.8100,36.8800,12.1156,103200,0.0000,1.0000
1999-11-24,38.5600,38.6900,37.3800,37.4400,12.2996,374000,0.0000,1.0000
1999-11-23,40.1600,40.1900,38.0000,38.8800,12.7726,546000,0.0000,1.0000
1999-11-22,39.2500,40.2500,38.3800,40.2500,13.2227,1285000,0.0000,1.0000
1999-11-19,37.4400,39.6300,37.4400,39.4400,12.9566,323900,0.0000,1.0000
1999-11-18,38.4400,38.5000,36.6900,37.5000,12.3193,394300,0.0000,1.0000
1999-11-17,39.0000,39.4400,37.6300,38.1300,12.5262,332500,0.0000,1.0000
1999-11-16,37.1900,39.5000,37.0600,39.2500,12.8942,484800,0.0000,1.0000
1999-11-15,37.0000,37.3100,36.5600,37.0000,12.1550,355100,0.0000,1.0000
1999-11-12,35.8800,36.9400,35.8800,36.6300,12.0335,330400,0.0000,1.0000
1999-11-11,36.0000,36.2500,35.6300,36.0600,11.8462,85400,0.0000,1.0000
1999-11-10,36.8800,36.9400,35.5000,36.0600,11.8462,539100,0.0000,1.0000
1999-11-09,37.8800,38.0600,36.6900,36.7500,12.0729,187500,0.0000,1.0000
1999-11-08,37.6300,37.7500,36.7500,37.7500,12.4014,581300,0.0000,1.0000
1999-11-05,36.3800,37.6300,36.3100,37.3800,12.2799,614500,0.0000,1.0000
1999-11-04,35.6300,36.1900,35.3800,36.1900,11.8889,275300,0.0000,1.0000
1999-11-03,35.8800,36.7500,34.5000,35.0000,11.4980,637200,0.0000,1.0000
1999-11-02,36.7500,37.0000,35.5600,35.5600,11.6820,604500,0.0000,1.0000
1999-11-01,36.0000,37.9400,36.0000,37.2500,12.2371,1146500,0.0000,1.0000
1999-10-29,32.9400,36.0000,32.8800,35.5000,11.6622,1858800,0.0000,1.0000
1999-10-28,31.2500,32.5600,31.1900,32.5600,10.6964,1877300,0.0000,1.0000
1999-10-27,31.1300,31.6300,30.3800,30.6900,10.0821,836600,0.0000,1.0000
1999-10-26,30.8800,31.3800,30.6300,30.7500,10.1018,614900,0.0000,1.0000
1999-10-25,30.6300,31.2500,30.5000,31.0600,10.2036,658300,0.0000,1.0000
1999-10-22,29.8800,31.4400,29.5000,31.0600,10.2036,792300,0.0000,1.0000
1999-10-21,28.6300,30.0000,28.0000,29.4400,9.6715,396200,0.0000,1.0000
1999-10-20,29.0600,29.1300,28.3100,28.5000,9.3626,564900,0.0000,1.0000
1999-10-19,28.9400,29.3100,28.6300,28.6300,9.4054,514100,0.0000,1.0000
1999-10-18,29.3800,29.4400,27.0000,28.0600,9.2181,919600,0.0000,1.0000
1999-10-15,29.6900,29.7500,27.7500,29.2500,9.6090,1775000,0.0000,1.0000
1999-10-14,30.2500,30.5000,29.5000,30.3800,9.9803,1142800,0.0000,1.0000
1999-10-13,31.0000,31.6300,29.6300,29.8100,9.7930,2741100,0.0000,1.0000
1999-10-12,32.9400,34.8800,31.5000,31.8800,10.4730,18993900,0.0000,1.0000
1999-10-11,29.6900,30.1300,29.2800,30.0900,9.8850,275500,0.0000,1.0000
1999-10-08,30.2500,30.2500,29.1300,29.2800,9.6189,444700,0.0000,1.0000
1999-10-07,30.0600,30.3800,30.0000,30.0600,9.8751,475500,0.0000,1.0000
1999-10-06,29.1300,30.2500,28.9400,30.0000,9.8554,402900,0.0000,1.0000
1999-10-05,28.2500,29.1900,28.1300,28.7500,9.4448,512600,0.0000,1.0000
1999-10-04,26.8800,28.2200,26.6300,28.2200,9.2707,373600,0.0000,1.0000
1999-10-01,27.6900,28.0000,25.8800,26.4400,8.6859,738300,0.0000,1.0000
1999-09-30,28.3800,28.3800,27.4400,27.4400,9.0144,632500,0.0000,1.0000
1999-09-29,28.4400,28.6300,27.9400,28.0000,9.1984,387500,0.0000,1.0000
1999-09-28,28.7500,28.7500,27.5000,28.3800,9.3232,627700,0.0000,1.0000
1999-09-27,29.5000,29.5000,28.8100,28.9400,9.5072,417600,0.0000,1.0000
1999-09-24,29.0000,29.1300,28.6300,29.0000,9.5269,275000,0.0000,1.0000
1999-09-23,29.5000,30.0000,28.6300,28.6900,9.4251,225000,0.0000,1.0000
1999-09-22,28.6300,29.3800,28.3800,29.3100,9.6287,483300,0.1000,1.0000
1999-09-21,28.7500,28.8800,28.0600,28.5000,9.3308,572000,0.0000,1.0000
1999-09-20,29.6600,29.6900,28.6300,28.7800,9.4225,485900,0.0000,1.0000
1999-09-17,29.7500,30.3800,29.5000,29.6900,9.7204,426700,0.0000,1.0000
1999-09-16,29.6900,30.0600,29.3800,29.6300,9.7008,678500,0.0000,1.0000
1999-09-15,29.5000,30.1300,29.5000,29.6300,9.7008,805100,0.0000,1.0000
1999-09-14,29.7500,30.0600,29.5000,29.5000,9.6582,569200,0.0000,1.0000
1999-09-13,30.0600,30.1300,29.7500,29.7800,9.7499,573700,0.0000,1.0000
1999-09-10,30.3800,31.1300,29.9400,29.9400,9.8023,1238200,0.0000,1.0000
1999-09-09,30.5000,30.6300,29.9400,30.3800,9.9463,237800,0.0000,1.0000
1999-09-08,30.7500,30.8800,29.8800,30.0000,9.8219,430300,0.0000,1.0000
1999-09-07,30.6300,31.1900,30.5600,30.8800,10.1100,749800,0.0000,1.0000
1999-09-03,30.6900,31.1300,30.5000,30.7500,10.0675,367600,0.0000,1.0000
1999-09-02,30.0600,30.5000,29.6300,30.4700,9.9758,736400,0.0000,1.0000
1999-09-01,30.2500,30.9400,30.2500,30.5000,9.9856,510700,0.0000,1.0000
1999-08-31,31.5000,32.0000,30.6300,30.9400,10.1297,398900,0.0000,1.0000
1999-08-30,32.2500,32.2500,31.4400,31.5000,10.3130,220800,0.0000,1.0000
1999-08-27,32.2500,33.0000,31.8800,32.1300,10.5193,415800,0.0000,1.0000
1999-08-26,32.7500,33.1300,32.3100,32.5600,10.6600,762500,0.0000,1.0000
1999-08-25,33.0000,33.5000,32.3800,32.7500,10.7222,518200,0.0000,1.0000
1999-08-24,33.7500,34.0000,33.0000,33.1300,10.8467,206100,0.0000,1.0000
1999-08-23,33.1300,33.7500,33.1300,33.6900,11.0300,606000,0.0000,1.0000
1999-08-20,33.0600,33.2500,32.8800,33.1300,10.8467,580600,0.0000,1.0000
1999-08-19,33.1300,33.2500,32.5000,33.0000,10.8041,424700,0.0000,1.0000
1999-08-18,33.6300,33.8800,33.0000,33.3800,10.9285,231000,0.0000,1.0000
1999-08-17,33.7500,34.2500,33.2500,33.3800,10.9285,418300,0.0000,1.0000
1999-08-16,33.6300,33.7500,33.1300,33.5000,10.9678,314100,0.0000,1.0000
1999-08-13,33.2500,33.8800,33.0000,33.3100,10.9056,511300,0.0000,1.0000
1999-08-12,33.9700,34.0000,33.1300,33.2500,10.8859,332200,0.0000,1.0000
1999-08-11,33.5000,34.0000,33.2500,33.4400,10.9482,307900,0.0000,1.0000
1999-08-10,33.0000,33.4400,32.9400,33.3800,10.9285,819400,0.0000,1.0000
1999-08-09,33.2500,33.7500,33.1300,33.5000,10.9678,241700,0.0000,1.0000
1999-08-06,33.1300,33.7500,33.0000,33.3100,10.9056,244900,0.0000,1.0000
1999-08-05,33.7800,33.8800,33.1300,33.1300,10.8467,159500,0.0000,1.0000
1999-08-04,33.8100,34.1300,33.0000,33.0000,10.8041,172700,0.0000,1.0000
1999-08-03,34.5000,34.6300,33.3800,33.9400,11.1119,216300,0.0000,1.0000
1999-08-02,34.8800,35.0000,33.4400,34.2200,11.2035,284500,0.0000,1.0000
1999-07-30,34.4400,35.0000,33.8800,35.0000,11.4589,239000,0.0000,1.0000
1999-07-29,35.2500,35.2500,33.8800,33.8800,11.0922,269700,0.0000,1.0000
1999-07-28,35.6300,36.2500,35.3800,35.5000,11.6226,127700,0.0000,1.0000
1999-07-27,35.6900,36.5600,35.3800,36.0000,11.7863,410000,0.0000,1.0000
1999-07-26,34.8800,36.3800,34.6300,35.2500,11.5407,236200,0.0000,1.0000
1999-07-23,36.5000,37.1300,34.7500,35.1300,11.5015,425500,0.0000,1.0000
1999-07-22,36.6300,37.0600,35.6900,37.0600,12.1333,329300,0.0000,1.0000
1999-07-21,35.1900,36.7500,34.7500,36.6900,12.0122,464700,0.0000,1.0000
1999-07-20,34.8100,35.6900,34.6900,35.4700,11.6128,355100,0.0000,1.0000
1999-07-19,35.1900,35.7500,34.8100,35.0000,11.4589,151900,0.0000,1.0000
1999-07-16,36.5600,36.7500,34.7500,35.0600,11.4785,232900,0.0000,1.0000
1999-07-15,35.2500,36.7500,35.1300,36.6300,11.9925,230200,0.0000,1.0000
1999-07-14,35.5000,36.0000,34.7500,35.5000,11.6226,187500,0.0000,1.0000
1999-07-13,35.5000,36.4400,34.6900,35.3400,11.5702,394100,0.0000,1.0000
1999-07-12,34.6900,35.6300,34.2500,35.6300,11.6652,896900,0.0000,1.0000
1999-07-09,35.9400,35.9400,34.6300,34.6300,11.3378,670800,0.0000,1.0000
1999-07-08,38.0000,38.0000,35.6300,36.0000,11.7863,368100,0.0000,1.0000
1999-07-07,39.7500,39.7500,37.2500,37.6900,12.3396,258200,0.0000,1.0000
1999-07-06,40.0000,40.0000,39.1300,39.8100,13.0337,281700,0.0000,1.0000
1999-07-02,39.0000,40.0000,38.1300,39.9400,13.0762,352100,0.0000,1.0000
1999-07-01,38.1300,39.2500,37.5600,39.1300,12.8110,442800,0.0000,1.0000
1999-06-30,37.5000,38.6300,36.0000,38.3800,12.5655,526100,0.0000,1.0000
1999-06-29,36.1300,37.5000,35.5000,37.3100,12.2152,232800,0.0000,1.0000
1999-06-28,35.7500,36.9400,35.6300,36.3800,11.9107,202800,0.0000,1.0000
1999-06-25,35.8800,36.1600,35.3800,35.8100,11.7241,263400,0.0000,1.0000
1999-06-24,36.1300,36.3800,35.3800,35.8800,11.7470,408300,0.0000,1.0000
1999-06-23,36.0000,36.3800,34.6300,36.1300,11.8289,264300,0.0000,1.0000
1999-06-22,35.5600,36.3800,35.5000,35.9400,11.7666,334100,0.0000,1.0000
1999-06-21,34.8800,35.6300,34.7500,35.3400,11.5702,339100,0.1000,1.0000
1999-06-18,33.6300,35.2500,33.5600,35.0000,11.4266,693000,0.0000,1.0000
1999-06-17,34.5600,35.7500,34.2500,34.8100,11.3645,142600,0.0000,1.0000
1999-06-16,33.6300,35.3800,33.6300,34.8100,11.3645,403900,0.0000,1.0000
1999-06-15,33.5000,34.0000,32.5600,33.4400,10.9173,289200,0.0000,1.0000
1999-06-14,34.5000,34.5000,32.7500,33.1300,10.8161,406300,0.0000,1.0000
1999-06-11,33.3100,35.3800,33.2500,33.7500,11.0185,365900,0.0000,1.0000
1999-06-10,35.0000,35.3800,32.2500,33.2800,10.8650,545400,0.0000,1.0000
1999-06-09,34.2500,35.3800,34.1300,35.0000,11.4266,258500,0.0000,1.0000
1999-06-08,36.1300,36.2500,33.7500,34.0000,11.1001,756900,0.0000,1.0000
1999-06-07,36.8800,36.8800,35.8800,36.1300,11.7955,880200,0.0000,1.0000
1999-06-04,36.3800,37.2500,34.5600,36.8400,12.0273,1002800,0.0000,1.0000
1999-06-03,38.9400,38.9400,37.3800,37.7500,12.3244,365500,0.0000,1.0000
1999-06-02,38.7500,38.9400,37.8800,38.7800,12.6606,428800,0.0000,1.0000
1999-06-01,38.7500,39.0000,37.8800,38.3800,12.5300,543500,0.0000,1.0000
1999-05-28,37.8100,39.0000,37.6300,38.6300,12.6117,414400,0.0000,1.0000
1999-05-27,37.0000,38.0000,36.7500,37.6300,12.2852,431500,0.0000,1.0000
1999-05-26,35.7500,37.6300,34.0000,37.3100,12.1807,359400,0.0000,1.0000
1999-05-25,37.0600,37.1300,35.5000,35.8800,11.7139,195900,0.0000,1.0000
1999-05-24,37.5000,37.7500,36.7500,37.0000,12.0795,377600,0.0000,1.0000
1999-05-21,39.5600,39.6300,37.5000,37.5000,12.2427,445700,0.0000,1.0000
1999-05-20,39.5000,40.2500,39.3800,39.5000,12.8957,673100,0.0000,1.0000
1999-05-19,38.6300,39.6900,38.3800,39.3800,12.8565,294300,0.0000,1.0000
1999-05-18,38.2500,38.7500,37.5600,38.1300,12.4484,292200,0.0000,1.0000
1999-05-17,37.8100,37.9400,37.2500,37.6900,12.3048,266700,0.0000,1.0000
1999-05-14,40.8800,40.8800,37.7500,37.7800,12.3342,655800,0.0000,1.0000
1999-05-13,39.9400,43.2500,39.6900,40.8800,13.3462,1243300,0.0000,1.0000
1999-05-12,39.0000,39.9400,38.7500,39.9400,13.0393,384600,0.0000,1.0000
1999-05-11,38.1300,39.8800,38.0000,39.5000,12.8957,413400,0.0000,1.0000
1999-05-10,38.3800,38.3800,37.8100,38.1300,12.4484,235600,0.0000,1.0000
1999-05-07,39.3800,39.3800,37.7500,38.3800,12.5300,344800,0.0000,1.0000
1999-05-06,38.0000,39.3800,36.8800,39.3800,12.8565,432600,0.0000,1.0000
1999-05-05,38.2500,38.7500,37.4400,37.7500,12.3244,213100,0.0000,1.0000
1999-05-04,38.6900,40.2500,37.7500,38.3800,12.5300,629900,0.0000,1.0000
1999-05-03,37.7500,38.6900,37.3800,38.5000,12.5692,209200,0.0000,1.0000
1999-04-30,39.0000,39.0000,37.5000,37.6900,12.3048,227900,0.0000,1.0000
1999-04-29,38.3800,39.0000,38.0600,38.8800,12.6933,317300,0.0000,1.0000
1999-04-28,38.0000,39.0000,37.5000,38.8800,12.6933,772700,0.0000,1.0000
1999-04-27,37.1900,39.2500,36.6300,38.9400,12.7129,865200,0.0000,1.0000
1999-04-26,36.7500,37.1900,36.1300,37.1900,12.1415,423900,0.0000,1.0000
1999-04-23,36.8800,37.0000,35.1300,36.1300,11.7955,358500,0.0000,1.0000
1999-04-22,39.5600,39.8800,36.3800,37.1600,12.1317,435400,0.0000,1.0000
1999-04-21,36.5000,39.8800,36.0000,39.5600,12.9153,710900,0.0000,1.0000
1999-04-20,36.8100,38.1300,36.2500,36.6600,11.9685,1316500,0.0000,1.0000
1999-04-19,34.5000,37.8800,34.0000,36.9700,12.0697,1632100,0.0000,1.0000
1999-04-16,31.1900,34.0000,31.0000,33.7500,11.0185,894200,0.0000,1.0000
1999-04-15,32.5000,33.2500,30.6300,31.0000,10.1207,626500,0.0000,1.0000
1999-04-14,32.4400,33.3800,31.7500,32.4700,10.6006,288400,0.0000,1.0000
1999-04-13,32.2500,33.3800,32.0000,32.5900,10.6398,559100,0.0000,1.0000
1999-04-12,32.2500,32.6300,31.8800,32.1300,10.4896,559200,0.0000,1.0000
1999-04-09,33.0000,33.8800,32.2500,32.5600,10.6300,552900,0.0000,1.0000
1999-04-08,33.2500,34.2500,32.5000,33.6300,10.9793,347000,0.0000,1.0000
1999-04-07,32.4400,33.1300,32.0000,33.0000,10.7736,391200,0.0000,1.0000
1999-04-06,32.0600,33.1300,32.0000,32.4700,10.6006,743800,0.0000,1.0000
1999-04-05,33.1300,33.2500,32.0000,32.3800,10.5712,1005800,0.0000,1.0000
1999-04-01,34.5600,34.5600,31.7500,31.9700,10.4373,837900,0.0000,1.0000
1999-03-31,34.0000,34.5000,33.0000,34.3800,11.2241,529800,0.0000,1.0000
1999-03-30,34.6300,34.8800,33.7500,33.9400,11.0805,281700,0.0000,1.0000
1999-03-29,33.7500,34.9400,33.5000,34.5600,11.2829,310400,0.0000,1.0000
1999-03-26,33.3800,33.8800,33.0000,33.5600,10.9564,291000,0.0000,1.0000
1999-03-25,34.1300,34.7500,33.6300,33.6300,10.9793,410300,0.0000,1.0000
1999-03-24,34.5600,34.6300,32.6300,33.5000,10.9368,618900,0.0000,1.0000
1999-03-23,36.0000,36.0000,33.7500,33.9400,11.0805,360500,0.1000,1.0000
1999-03-22,36.7500,37.2500,35.8800,36.0000,11.7185,487900,0.0000,1.0000
1999-03-19,37.7500,39.7500,36.7500,36.7500,11.9626,927100,0.0000,1.0000
1999-03-18,37.5000,39.8800,37.0600,38.3800,12.4932,764700,0.0000,1.0000
1999-03-17,38.3800,38.3800,37.1300,37.3800,12.1677,554900,0.0000,1.0000
1999-03-16,37.0000,38.8800,37.0000,38.3400,12.4802,940800,0.0000,1.0000
1999-03-15,36.0000,37.8800,35.7500,37.1300,12.0863,1200400,0.0000,1.0000
1999-03-12,36.1300,36.3800,35.4400,35.6300,11.5981,896800,0.0000,1.0000
1999-03-11,34.1900,36.1300,33.8800,36.1300,11.7608,539500,0.0000,1.0000
1999-03-10,33.7500,34.0600,33.5000,33.8100,11.0056,332900,0.0000,1.0000
1999-03-09,33.5000,33.8800,33.0000,33.6900,10.9666,289300,0.0000,1.0000
1999-03-08,35.1900,35.1900,33.4400,33.5600,10.9243,444900,0.0000,1.0000
1999-03-05,34.3800,35.4400,34.0000,35.1300,11.4353,1065300,0.0000,1.0000
1999-03-04,32.7500,34.5900,32.3800,33.8800,11.0284,1132100,0.0000,1.0000
1999-03-03,33.3800,33.3800,32.2500,32.8800,10.7029,973600,0.0000,1.0000
1999-03-02,32.0000,33.8800,31.5000,32.9400,10.7224,1002700,0.0000,1.0000
1999-03-01,30.8100,32.0000,30.5600,32.0000,10.4164,630100,0.0000,1.0000
1999-02-26,29.6300,30.8100,29.2500,30.8100,10.0291,454500,0.0000,1.0000
1999-02-25,31.0000,31.0000,29.6900,29.8800,9.7264,556400,0.0000,1.0000
1999-02-24,32.5000,33.0000,30.5000,30.5600,9.9477,413500,0.0000,1.0000
1999-02-23,31.8100,32.5000,31.7500,32.3400,10.5271,729900,0.0000,1.0000
1999-02-22,30.7500,32.1300,30.6300,31.7500,10.3351,830200,0.0000,1.0000
1999-02-19,31.2500,31.7500,30.5600,30.5600,9.9477,416900,0.0000,1.0000
1999-02-18,31.0000,31.2500,30.5000,31.0600,10.1105,477100,0.0000,1.0000
1999-02-17,30.5600,31.5000,30.1300,30.4400,9.9086,449800,0.0000,1.0000
1999-02-16,31.6300,31.7500,30.7500,31.0000,10.0909,577600,0.0000,1.0000
1999-02-12,32.5600,32.6300,31.1300,31.3100,10.1918,346700,0.0000,1.0000
1999-02-11,31.7500,33.1300,31.6300,32.6900,10.6411,739700,0.0000,1.0000
1999-02-10,32.0000,32.7500,31.1300,31.3800,10.2146,518900,0.0000,1.0000
1999-02-09,33.0600,33.7500,32.0000,32.1300,10.4588,492300,0.0000,1.0000
1999-02-08,33.8800,34.0000,32.8800,33.3800,10.8657,351800,0.0000,1.0000
1999-02-05,33.3800,34.2500,33.3800,33.8100,11.0056,575700,0.0000,1.0000
1999-02-04,33.7500,34.3800,33.6900,34.0000,11.0675,462700,0.0000,1.0000
1999-02-03,33.5000,34.2500,32.8800,33.5000,10.9047,693900,0.0000,1.0000
1999-02-02,34.7500,35.0000,32.8800,33.9700,11.0577,923000,0.0000,1.0000
1999-02-01,36.9400,37.8800,34.7500,34.7500,11.3116,1295500,0.0000,1.0000
1999-01-29,36.6900,37.3800,36.0000,36.5600,11.9008,597000,0.0000,1.0000
1999-01-28,34.8800,37.0600,34.6300,36.8100,11.9822,656500,0.0000,1.0000
1999-01-27,34.9400,35.5000,34.1300,34.5600,11.2498,907800,0.0000,1.0000
1999-01-26,32.2500,34.6900,31.9400,34.2500,11.1489,602500,0.0000,1.0000
1999-01-25,32.7500,33.7500,31.8800,32.0000,10.4164,520400,0.0000,1.0000
1999-01-22,32.8800,33.1300,32.0000,32.0000,10.4164,298900,0.0000,1.0000
1999-01-21,33.9400,33.9400,32.3800,32.5600,10.5987,316800,0.0000,1.0000
1999-01-20,34.2500,34.6300,33.6900,33.8800,11.0284,329200,0.0000,1.0000
1999-01-19,35.0000,35.0000,33.6900,33.9100,11.0382,318600,0.0000,1.0000
1999-01-15,34.5000,34.6300,33.7500,34.3800,11.1912,343500,0.0000,1.0000
1999-01-14,35.5600,35.8800,33.0000,33.3800,10.8657,372600,0.0000,1.0000
1999-01-13,34.5000,35.6300,34.0600,35.0000,11.3930,681400,0.0000,1.0000
1999-01-12,36.0000,37.0000,35.8800,36.1900,11.7804,738000,0.0000,1.0000
1999-01-11,36.7500,37.0000,35.5000,35.9400,11.6990,205300,0.0000,1.0000
1999-01-08,37.3800,38.1300,36.4400,36.4400,11.8617,202000,0.0000,1.0000
1999-01-07,37.0000,38.1300,36.7500,37.3800,12.1677,402800,0.0000,1.0000
1999-01-06,39.0000,39.5000,37.1300,37.4400,12.1872,594700,0.0000,1.0000
1999-01-05,35.3800,38.7500,35.2500,38.6300,12.5746,997900,0.0000,1.0000
1999-01-04,35.0000,35.8800,34.1300,35.3800,11.5167,676500,0.0000,1.0000
1998-12-31,32.2500,34.0600,30.8800,34.0600,11.0870,943000,0.0000,1.0000
1998-12-30,33.1900,33.5000,31.5000,31.7500,10.3351,895400,0.0000,1.0000
1998-12-29,34.5000,34.5000,33.5000,33.5600,10.9243,436500,0.0000,1.0000
1998-12-28,35.2500,35.5000,34.0600,34.5000,11.2302,497100,0.0000,1.0000
1998-12-24,34.1300,35.6300,34.1300,35.1300,11.4353,272800,0.0000,1.0000
1998-12-23,35.6300,35.6300,33.2500,34.0600,11.0870,748200,0.1000,1.0000
1998-12-22,35.8800,36.0600,35.2500,36.0000,11.6842,447500,0.0000,1.0000
1998-12-21,35.1300,36.2500,34.7500,35.7500,11.6031,612500,0.0000,1.0000
1998-12-18,33.8100,34.7500,33.7500,34.2500,11.1162,521200,0.0000,1.0000
1998-12-17,33.6300,35.1300,33.6300,34.2500,11.1162,576200,0.0000,1.0000
1998-12-16,35.2500,35.5000,33.0000,33.0000,10.7105,412600,0.0000,1.0000
1998-12-15,35.3100,35.6300,34.2500,35.0000,11.3596,915600,0.0000,1.0000
1998-12-14,36.0000,36.0000,34.1300,34.6300,11.2396,634900,0.0000,1.0000
1998-12-11,36.5000,36.5000,35.3800,35.9400,11.6647,291000,0.0000,1.0000
1998-12-10,36.6300,37.0000,35.8800,36.1300,11.7264,387100,0.0000,1.0000
1998-12-09,37.0600,37.1300,36.5000,36.6900,11.9081,180900,0.0000,1.0000
1998-12-08,37.3800,37.3800,36.3800,36.9400,11.9893,292100,0.0000,1.0000
1998-12-07,37.8800,38.0000,36.5000,37.3100,12.1094,367200,0.0000,1.0000
1998-12-04,38.0000,38.5000,37.2500,37.5300,12.1808,354800,0.0000,1.0000
1998-12-03,37.5000,38.5000,37.0000,37.6300,12.2132,500200,0.0000,1.0000
1998-12-02,38.8800,39.0000,37.0000,37.2500,12.0899,467600,0.0000,1.0000
1998-12-01,35.7500,38.3800,35.1300,38.3800,12.4567,527100,0.0000,1.0000
1998-11-30,38.0000,38.0000,35.7500,35.7500,11.6031,302300,0.0000,1.0000
1998-11-27,35.2500,36.7500,35.1300,36.7500,11.9276,127800,0.0000,1.0000
1998-11-25,35.7500,36.3800,34.8100,34.8800,11.3207,414900,0.0000,1.0000
1998-11-24,38.3100,38.5000,35.0000,35.3800,11.4830,910200,0.0000,1.0000
1998-11-23,36.6300,39.6300,36.2500,38.1300,12.3755,1919200,0.0000,1.0000
1998-11-20,34.5000,35.5000,34.0000,35.2500,11.4408,652700,0.0000,1.0000
1998-11-19,33.4400,34.5000,33.3800,34.2500,11.1162,317800,0.0000,1.0000
1998-11-18,34.5000,34.7500,33.5000,34.1300,11.0773,195500,0.0000,1.0000
1998-11-17,33.0000,35.0000,32.2500,34.6300,11.2396,909100,0.0000,1.0000
1998-11-16,32.1300,33.4400,31.6300,33.1300,10.7527,573800,0.0000,1.0000
1998-11-13,30.0000,31.0000,29.8800,30.9400,10.0419,619100,0.0000,1.0000
1998-11-12,30.8800,31.1300,29.5000,29.8800,9.6979,454700,0.0000,1.0000
1998-11-11,32.7500,32.7500,29.6300,30.2500,9.8180,785300,0.0000,1.0000
1998-11-10,34.7500,34.7500,31.7500,31.9400,10.3665,710400,0.0000,1.0000
1998-11-09,35.3800,35.8800,34.3800,34.6900,11.2590,353100,0.0000,1.0000
1998-11-06,35.0600,36.5000,35.0000,35.7500,11.6031,375200,0.0000,1.0000
1998-11-05,35.7500,36.3800,35.1300,36.0000,11.6842,700300,0.0000,1.0000
1998-11-04,35.0000,36.3800,34.8100,35.7500,11.6031,502600,0.0000,1.0000
1998-11-03,35.0000,35.2500,34.0000,34.4400,11.1779,258300,0.0000,1.0000
1998-11-02,36.5000,36.7500,34.8800,35.0000,11.3596,485000,0.0000,1.0000
1998-10-30,32.5000,36.1300,32.2500,35.5600,11.5414,916000,0.0000,1.0000
1998-10-29,30.6300,32.1300,30.6300,32.0000,10.3860,698800,0.0000,1.0000
1998-10-28,31.0000,31.5000,30.5000,31.1300,10.1036,287200,0.0000,1.0000
1998-10-27,32.8800,32.8800,31.5000,31.9400,10.3665,306400,0.0000,1.0000
1998-10-26,30.6900,32.5600,30.6300,32.1900,10.4476,287200,0.0000,1.0000
1998-10-23,32.5000,32.5000,30.6300,30.6300,9.9413,466400,0.0000,1.0000
1998-10-22,32.0600,32.3800,30.2500,31.6300,10.2659,366600,0.0000,1.0000
1998-10-21,32.6300,33.0000,30.8800,32.1300,10.4281,869900,0.0000,1.0000
1998-10-20,35.0000,39.0000,33.5000,34.3100,11.1357,1860300,0.0000,1.0000
1998-10-19,31.8100,36.1300,31.2500,34.9400,11.3402,1006000,0.0000,1.0000
1998-10-16,30.6300,32.6300,30.2500,32.0000,10.3860,1823900,0.0000,1.0000
1998-10-15,25.2500,30.7500,25.2500,30.6900,9.9608,1776100,0.0000,1.0000
1998-10-14,24.6300,25.7500,24.2500,25.2500,8.1952,673500,0.0000,1.0000
1998-10-13,25.7500,25.7500,24.5000,24.5000,7.9517,872500,0.0000,1.0000
1998-10-12,25.0000,27.4400,24.6300,25.7500,8.3574,1477100,0.0000,1.0000
1998-10-09,23.7500,24.5000,22.7500,24.0000,7.7895,1134800,0.0000,1.0000
1998-10-08,22.8100,23.5000,20.8800,22.7500,7.3838,1290300,0.0000,1.0000
1998-10-07,24.8800,26.1300,22.1300,23.7500,7.7083,1235800,0.0000,1.0000
1998-10-06,28.1300,28.5000,26.0000,26.1300,8.4808,644600,0.0000,1.0000
1998-10-05,28.0000,28.3800,27.1300,27.3800,8.8865,694500,0.0000,1.0000
1998-10-02,27.6300,28.6900,27.5000,28.6900,9.3117,545500,0.0000,1.0000
1998-10-01,29.2500,29.4400,27.1900,27.3100,8.8638,290000,0.0000,1.0000
1998-09-30,30.5000,30.5000,28.6300,29.3800,9.5356,861900,0.0000,1.0000
1998-09-29,30.9400,31.7500,30.0000,30.0000,9.7368,594200,0.0000,1.0000
1998-09-28,30.1900,31.8800,30.1300,30.6300,9.9413,595700,0.0000,1.0000
1998-09-25,28.5000,30.4400,27.0000,29.8800,9.6979,677400,0.0000,1.0000
1998-09-24,29.3800,30.3800,29.0000,29.2500,9.4934,1487000,0.0000,1.0000
1998-09-23,27.0000,29.5000,26.7500,29.3800,9.5356,1682100,0.0850,1.0000
1998-09-22,26.8800,27.5000,26.5000,26.6600,8.6278,1266300,0.0000,1.0000
1998-09-21,27.7500,28.0000,26.0000,26.6300,8.6181,1235800,0.0000,1.0000
1998-09-18,28.3800,28.7500,28.1300,28.6600,9.2751,768500,0.0000,1.0000
1998-09-17,28.3800,28.3800,27.7500,28.1300,9.1036,700700,0.0000,1.0000
1998-09-16,29.8800,30.1300,29.0600,29.1900,9.4466,400700,0.0000,1.0000
1998-09-15,29.7500,30.5000,29.2500,29.6900,9.6084,676200,0.0000,1.0000
1998-09-14,28.3800,29.8800,28.0000,29.5000,9.5469,584700,0.0000,1.0000
1998-09-11,26.7500,27.7500,26.6300,27.7500,8.9806,545700,0.0000,1.0000
1998-09-10,26.6300,27.0000,25.8800,26.7500,8.6570,660300,0.0000,1.0000
1998-09-09,28.8800,29.7500,27.6300,28.0000,9.0615,325600,0.0000,1.0000
1998-09-08,29.6300,30.8800,28.6300,28.8800,9.3463,509800,0.0000,1.0000
1998-09-04,29.5000,30.0000,27.5000,28.2500,9.1424,1888400,0.0000,1.0000
1998-09-03,30.7500,30.7500,29.6300,29.9400,9.6893,929200,0.0000,1.0000
1998-09-02,30.7500,32.0000,30.3800,30.8100,9.9709,583900,0.0000,1.0000
1998-09-01,30.4400,30.6300,29.0000,30.0000,9.7087,1441800,0.0000,1.0000
1998-08-31,31.0000,31.6300,30.2500,30.4400,9.8511,1818900,0.0000,1.0000
1998-08-28,33.6300,34.0000,30.3800,31.4400,10.1748,1517000,0.0000,1.0000
1998-08-27,34.0000,34.4400,33.2500,33.5600,10.8608,1352400,0.0000,1.0000
1998-08-26,35.1300,35.6300,34.7500,35.3100,11.4272,727700,0.0000,1.0000
1998-08-25,35.5000,36.6300,35.5000,36.0000,11.6505,286700,0.0000,1.0000
1998-08-24,35.3800,35.7500,35.3800,35.5600,11.5081,482100,0.0000,1.0000
1998-08-21,35.5000,35.8800,34.8800,35.5000,11.4887,562900,0.0000,1.0000
1998-08-20,36.5000,37.0000,35.8800,36.2800,11.7411,486200,0.0000,1.0000
1998-08-19,37.9400,37.9400,35.0000,36.0000,11.6505,313400,0.0000,1.0000
1998-08-18,35.2500,38.6300,35.2500,37.5000,12.1359,685800,0.0000,1.0000
1998-08-17,34.1300,35.2500,33.7500,35.0000,11.3269,351600,0.0000,1.0000
1998-08-14,34.0000,35.2500,33.6300,34.6300,11.2071,308500,0.0000,1.0000
1998-08-13,34.5000,35.2500,33.5600,34.0000,11.0032,491500,0.0000,1.0000
1998-08-12,34.0000,34.6300,33.1300,34.4400,11.1456,385600,0.0000,1.0000
1998-08-11,34.0000,34.2500,33.1300,33.6900,10.9029,1069100,0.0000,1.0000
1998-08-10,35.3800,35.6300,34.6300,35.6300,11.5308,305900,0.0000,1.0000
1998-08-07,35.0000,35.6300,34.6300,35.4400,11.4693,552000,0.0000,1.0000
1998-08-06,34.7500,34.7500,34.0000,34.3800,11.1262,380000,0.0000,1.0000
1998-08-05,34.0000,35.5000,33.8800,34.4400,11.1456,859000,0.0000,1.0000
1998-08-04,36.0000,36.5000,33.7500,34.0000,11.0032,807300,0.0000,1.0000
1998-08-03,35.6300,36.1300,34.5000,36.0000,11.6505,256800,0.0000,1.0000
1998-07-31,36.7500,37.3800,34.8800,35.5000,11.4887,164800,0.0000,1.0000
1998-07-30,37.3800,37.5000,36.3100,37.1300,12.0162,172900,0.0000,1.0000
1998-07-29,36.6300,37.1900,36.3100,36.6900,11.8738,337000,0.0000,1.0000
1998-07-28,37.0000,37.7500,36.0000,36.3100,11.7508,279800,0.0000,1.0000
1998-07-27,37.6900,38.0000,36.8800,37.1300,12.0162,591600,0.0000,1.0000
1998-07-24,37.7500,38.1300,37.0000,37.6300,12.1780,663600,0.0000,1.0000
1998-07-23,39.1300,39.5000,37.8800,38.4400,12.4401,395100,0.0000,1.0000
1998-07-22,39.5000,40.0000,38.6300,39.1300,12.6634,444900,0.0000,1.0000
1998-07-21,40.2500,40.7500,38.5000,39.8100,12.8835,832100,0.0000,1.0000
1998-07-20,42.3100,42.8800,41.2500,41.5000,13.4304,172300,0.0000,1.0000
1998-07-17,42.2500,42.7500,41.6300,42.4400,13.7346,150800,0.0000,1.0000
1998-07-16,42.5000,42.5000,41.3800,41.9100,13.5631,150500,0.0000,1.0000
1998-07-15,41.8800,42.3800,41.1300,42.3800,13.7152,428300,0.0000,1.0000
1998-07-14,41.6300,42.1300,41.1300,41.5000,13.4304,324200,0.0000,1.0000
1998-07-13,40.5000,42.5000,39.6300,41.7500,13.5113,370000,0.0000,1.0000
1998-07-10,39.9400,40.5000,39.6300,40.1300,12.9871,233200,0.0000,1.0000
1998-07-09,39.2500,40.0000,38.8800,39.5600,12.8026,621300,0.0000,1.0000
1998-07-08,38.5000,39.7500,38.3800,39.3800,12.7443,379000,0.0000,1.0000
1998-07-07,37.5000,39.5000,37.5000,38.5000,12.4596,712600,0.0000,1.0000
1998-07-06,38.0000,38.1300,37.5000,37.6900,12.1974,327600,0.0000,1.0000
1998-07-02,38.3800,38.3800,37.5000,37.8800,12.2589,227800,0.0000,1.0000
1998-07-01,38.0000,38.2500,37.3800,38.1300,12.3398,270400,0.0000,1.0000
1998-06-30,38.3800,38.3800,37.2500,37.5600,12.1553,427900,0.0000,1.0000
1998-06-29,36.9400,38.5000,36.6900,38.2500,12.3786,293200,0.0000,1.0000
1998-06-26,36.0000,36.8800,35.6300,36.6900,11.8738,330000,0.0000,1.0000
1998-06-25,35.6300,36.6300,35.3800,36.0000,11.6505,453600,0.0000,1.0000
1998-06-24,35.0000,36.0000,34.5000,35.5000,11.4887,460300,0.0000,1.0000
1998-06-23,35.5000,35.7500,34.7500,35.2500,11.4078,374400,0.0000,1.0000
1998-06-22,34.7500,35.3800,34.3800,35.1300,11.3689,561400,0.0000,1.0000
1998-06-19,34.3800,35.3800,34.2500,35.0900,11.3560,254800,0.0000,1.0000
1998-06-18,35.0000,35.3800,34.5000,34.5600,11.1845,196700,0.0850,1.0000
1998-06-17,34.0000,35.3800,33.6300,34.7500,11.2184,544200,0.0000,1.0000
1998-06-16,34.3800,34.3800,32.8800,33.7500,10.8955,448000,0.0000,1.0000
1998-06-15,33.7500,34.3800,32.5000,33.3800,10.7761,359400,0.0000,1.0000
1998-06-12,35.3800,35.3800,33.5000,34.0000,10.9762,300600,0.0000,1.0000
1998-06-11,35.1300,35.4400,34.5600,35.1900,11.3604,227300,0.0000,1.0000
1998-06-10,35.2500,35.7500,34.5000,34.8800,11.2603,331500,0.0000,1.0000
1998-06-09,34.2500,36.0000,34.2500,35.7500,11.5412,371100,0.0000,1.0000
1998-06-08,34.7500,35.0600,33.5000,34.3800,11.0989,541600,0.0000,1.0000
1998-06-05,35.1300,35.7500,35.0000,35.0600,11.3184,378200,0.0000,1.0000
1998-06-04,35.6300,35.6300,34.5600,35.0000,11.2991,181100,0.0000,1.0000
1998-06-03,35.0600,35.6300,35.0000,35.0000,11.2991,278700,0.0000,1.0000
1998-06-02,35.0000,35.0000,34.0000,34.8100,11.2377,531500,0.0000,1.0000
1998-06-01,35.6300,35.6300,34.1300,34.3800,11.0989,630200,0.0000,1.0000
1998-05-29,34.8800,35.8800,34.5000,35.4400,11.4411,409900,0.0000,1.0000
1998-05-28,34.2500,34.6300,33.7500,34.3800,11.0989,315400,0.0000,1.0000
1998-05-27,33.8800,34.6300,33.0000,34.0000,10.9762,555900,0.0000,1.0000
1998-05-26,35.5000,36.2500,33.8800,34.1300,11.0182,231800,0.0000,1.0000
1998-05-22,36.5000,36.5000,35.0000,35.0600,11.3184,222900,0.0000,1.0000
1998-05-21,36.7500,36.7500,35.7500,36.1600,11.6736,139800,0.0000,1.0000
1998-05-20,36.7500,36.8800,36.1300,36.1300,11.6639,146100,0.0000,1.0000
1998-05-19,35.8800,36.2500,35.2500,36.2500,11.7026,228800,0.0000,1.0000
1998-05-18,34.0000,35.8800,33.5000,35.5000,11.4605,287200,0.0000,1.0000
1998-05-15,36.0000,36.6300,34.0000,34.0000,10.9762,194100,0.0000,1.0000
1998-05-14,36.7500,36.7500,35.5000,35.7500,11.5412,207200,0.0000,1.0000
1998-05-13,36.5000,37.1300,36.1300,36.5600,11.8027,197400,0.0000,1.0000
1998-05-12,35.2500,36.5000,35.0000,36.3800,11.7446,180200,0.0000,1.0000
1998-05-11,36.2500,36.8800,35.2500,35.8800,11.5832,346200,0.0000,1.0000
1998-05-08,35.0000,36.2500,34.5000,35.3800,11.4218,294300,0.0000,1.0000
1998-05-07,36.5600,36.7500,34.7500,35.0000,11.2991,430200,0.0000,1.0000
1998-05-06,37.3800,37.3800,35.7500,36.5000,11.7833,249400,0.0000,1.0000
1998-05-05,36.0000,37.0000,35.0000,36.3800,11.7446,196500,0.0000,1.0000
1998-05-04,37.5000,38.1300,35.8800,36.0000,11.6219,429900,0.0000,1.0000
1998-05-01,38.5000,38.7500,36.5000,37.0000,11.9447,104600,0.0000,2.0000
1998-04-30,73.8800,75.5000,73.8800,75.5000,12.1869,279200,0.0000,1.0000
1998-04-29,71.0000,73.7500,70.0000,73.0000,11.7833,432200,0.0000,1.0000
1998-04-28,74.3800,74.3800,70.9400,71.3800,11.5218,353700,0.0000,1.0000
1998-04-27,75.2500,75.2500,71.5000,71.8800,11.6025,348300,0.0000,1.0000
1998-04-24,78.2500,78.2500,76.0000,76.5000,12.3483,236100,0.0000,1.0000
1998-04-23,77.8800,79.2500,76.8100,78.1900,12.6211,304100,0.0000,1.0000
1998-04-22,77.8800,78.2500,74.6300,77.8800,12.5710,611500,0.0000,1.0000
1998-04-21,75.3800,77.8800,74.5000,75.3800,12.1675,533000,0.0000,1.0000
1998-04-20,76.7500,78.1300,75.6300,76.8800,12.4096,307700,0.0000,1.0000
1998-04-17,75.1300,76.5000,75.0000,75.3800,12.1675,342300,0.0000,1.0000
1998-04-16,72.0000,75.1300,71.0000,73.5000,11.8640,385100,0.0000,1.0000
1998-04-15,73.8800,73.8800,70.5000,71.1300,11.4815,198000,0.0000,1.0000
1998-04-14,74.0000,74.3800,72.6300,72.6300,11.7236,95500,0.0000,1.0000
1998-04-13,73.0000,74.7500,72.7500,73.3800,11.8447,186400,0.0000,1.0000
1998-04-09,73.0000,73.0000,71.5000,72.4400,11.6929,160200,0.0000,1.0000
1998-04-08,73.2500,73.5000,71.5000,71.5000,11.5412,120100,0.0000,1.0000
1998-04-07,73.0000,73.2500,71.2500,72.6300,11.7236,184000,0.0000,1.0000
1998-04-06,73.3100,73.8800,72.5000,73.2500,11.8237,172300,0.0000,1.0000
1998-04-03,72.0000,73.0000,70.8800,71.4400,11.5315,217500,0.0000,1.0000
1998-04-02,71.5000,73.0000,70.7500,72.5900,11.7171,353700,0.0000,1.0000
1998-04-01,70.5000,71.5000,69.8800,71.2500,11.5008,261100,0.0000,1.0000
1998-03-31,68.7500,71.0000,68.1900,70.3800,11.3604,213600,0.0000,1.0000
1998-03-30,69.5000,70.3100,68.0000,68.5600,11.0666,141600,0.0000,1.0000
1998-03-27,70.0000,70.7500,69.0000,69.8800,11.2797,100900,0.0000,1.0000
1998-03-26,69.8800,70.0000,67.7500,69.6300,11.2394,151500,0.0000,1.0000
1998-03-25,71.3800,71.6300,68.8800,69.5000,11.2184,163200,0.0000,1.0000
1998-03-24,72.0000,72.0000,70.0000,70.6300,11.4008,140200,0.0000,1.0000
1998-03-23,72.7500,73.2500,70.8800,70.8800,11.4411,103100,0.0000,1.0000
1998-03-20,73.3800,73.7500,72.2500,72.5000,11.7026,291800,0.0000,1.0000
1998-03-19,71.7500,74.8800,70.5600,73.7500,11.9044,299100,0.1700,1.0000
1998-03-18,71.5000,72.2500,70.2500,70.7500,11.3939,158000,0.0000,1.0000
1998-03-17,69.7500,71.9400,68.2500,71.2500,11.4744,233400,0.0000,1.0000
1998-03-16,69.7500,70.0000,69.0000,69.7500,11.2328,136200,0.0000,1.0000
1998-03-13,70.0000,70.8800,69.5000,69.5000,11.1926,121100,0.0000,1.0000
1998-03-12,69.5000,70.8100,69.2500,70.0000,11.2731,131100,0.0000,1.0000
1998-03-11,70.1300,70.1300,69.0000,69.5000,11.1926,120300,0.0000,1.0000
1998-03-10,68.7500,69.7500,67.6300,69.1300,11.1330,101500,0.0000,1.0000
1998-03-09,69.0000,69.5000,68.1300,69.2500,11.1523,67900,0.0000,1.0000
1998-03-06,68.0000,69.3800,67.0000,69.0000,11.1120,125400,0.0000,1.0000
1998-03-05,67.5000,68.5000,66.5000,67.0000,10.7900,63300,0.0000,1.0000
1998-03-04,70.2500,71.0000,67.8800,68.8800,11.0927,359900,0.0000,1.0000
1998-03-03,67.5000,70.3800,67.0000,69.8800,11.2538,299100,0.0000,1.0000
1998-03-02,67.0000,68.2500,66.0000,67.6300,10.8914,281100,0.0000,1.0000
1998-02-27,67.1300,67.1300,65.0000,66.3800,10.6901,396000,0.0000,1.0000
1998-02-26,67.2500,67.5000,66.0000,66.5000,10.7094,326600,0.0000,1.0000
1998-02-25,67.2500,67.7500,66.5000,66.5000,10.7094,192500,0.0000,1.0000
1998-02-24,68.5000,68.5000,66.7500,67.2500,10.8302,88300,0.0000,1.0000
1998-02-23,69.1300,69.2500,67.6300,68.0000,10.9510,288200,0.0000,1.0000
1998-02-20,69.1300,69.5000,67.7500,68.1300,10.9719,241300,0.0000,1.0000
1998-02-19,67.3800,69.0000,66.3800,68.7500,11.0718,325200,0.0000,1.0000
1998-02-18,66.6900,67.1300,65.6300,66.8800,10.7706,88300,0.0000,1.0000
1998-02-17,68.0000,68.5000,65.3800,66.7500,10.7497,286900,0.0000,1.0000
1998-02-13,69.5000,69.5000,66.0000,66.5000,10.7094,266100,0.0000,1.0000
1998-02-12,66.8800,69.7500,66.5000,69.5000,11.1926,168100,0.0000,1.0000
1998-02-11,68.2500,68.2500,67.1300,68.1300,10.9719,155400,0.0000,1.0000
1998-02-10,65.8800,68.5000,65.2500,68.0000,10.9510,361800,0.0000,1.0000
1998-02-09,67.3800,68.1300,65.2500,65.3100,10.5178,282100,0.0000,1.0000
1998-02-06,67.2500,67.3800,66.0000,67.0000,10.7900,298000,0.0000,1.0000
1998-02-05,68.2500,68.2500,66.0000,66.1300,10.6499,185300,0.0000,1.0000
1998-02-04,64.7500,69.7500,64.5000,67.2500,10.8302,401600,0.0000,1.0000
1998-02-03,65.6300,65.6300,64.5000,65.6300,10.5693,236900,0.0000,1.0000
1998-02-02,66.1300,66.7500,63.1900,64.2500,10.3471,469100,0.0000,1.0000
1998-01-30,59.2500,66.2500,58.6300,64.7500,10.4276,753100,0.0000,1.0000
1998-01-29,57.0000,60.0000,56.5000,58.8800,9.4823,580100,0.0000,1.0000
1998-01-28,55.2500,57.8800,54.7500,56.8800,9.1602,577100,0.0000,1.0000
1998-01-27,54.0000,55.2500,54.0000,54.8800,8.8381,169000,0.0000,1.0000
1998-01-26,55.2500,55.2500,54.1300,54.2500,8.7366,128800,0.0000,1.0000
1998-01-23,56.3800,56.5000,52.1300,54.7500,8.8172,317300,0.0000,1.0000
1998-01-22,58.0000,58.0000,55.5000,55.8100,8.9879,435400,0.0000,1.0000
1998-01-21,59.6300,60.5000,58.1300,58.5600,9.4307,332500,0.0000,1.0000
1998-01-20,58.2500,60.0000,57.8800,59.7500,9.6224,235500,0.0000,1.0000
1998-01-16,57.3800,58.7500,56.0000,58.1200,9.3599,391500,0.0000,1.0000
1998-01-15,58.5000,59.3800,56.7500,56.8800,9.1602,389900,0.0000,1.0000
1998-01-14,57.6300,59.3800,56.7500,58.7500,9.4613,324900,0.0000,1.0000
1998-01-13,55.3800,58.3800,55.0000,57.5000,9.2600,229700,0.0000,1.0000
1998-01-12,50.5000,55.0000,50.2500,53.3800,8.5965,732700,0.0000,1.0000
1998-01-09,60.0000,60.1300,54.7500,54.8800,8.8381,374600,0.0000,1.0000
1998-01-08,61.1300,61.5000,59.3800,59.7500,9.6224,171000,0.0000,1.0000
1998-01-07,62.8800,62.8800,61.1300,61.6300,9.9252,396900,0.0000,1.0000
1998-01-06,63.2500,63.2500,62.3800,62.5000,10.0653,212100,0.0000,1.0000
1998-01-05,62.2500,63.6300,62.0000,63.3800,10.2070,225700,0.0000,1.0000
1998-01-02,63.1300,63.2500,61.7500,62.1900,10.0153,275300,0.0000,1.0000
1997-12-31,61.8800,64.0000,61.3800,62.8800,10.1265,190600,0.0000,1.0000
1997-12-30,58.5000,62.2500,58.1300,62.1300,10.0057,669000,0.0000,1.0000
1997-12-29,58.5000,59.0000,57.8800,58.1300,9.3615,333500,0.0000,1.0000
1997-12-26,58.3100,58.5000,58.0000,58.1300,9.3615,72800,0.0000,1.0000
1997-12-24,59.5000,60.2500,58.3800,58.3800,9.4018,84600,0.1700,1.0000
1997-12-23,60.7500,61.3800,59.5600,59.8800,9.6153,160300,0.0000,1.0000
1997-12-22,61.0000,62.0000,60.0000,61.2500,9.8353,147700,0.0000,1.0000
1997-12-19,62.0000,62.2500,60.8800,61.5000,9.8755,388700,0.0000,1.0000
1997-12-18,63.6900,64.0000,62.1300,62.8800,10.0971,179000,0.0000,1.0000
1997-12-17,65.8800,66.6300,62.6300,63.1300,10.1372,327100,0.0000,1.0000
1997-12-16,66.7500,66.8800,65.5000,66.3800,10.6591,87900,0.0000,1.0000
1997-12-15,65.2500,66.8800,64.2500,66.8800,10.7394,164100,0.0000,1.0000
1997-12-12,67.8800,67.8800,64.0000,65.0000,10.4375,180600,0.0000,1.0000
1997-12-11,68.5000,69.1300,67.0000,67.3800,10.8197,98900,0.0000,1.0000
1997-12-10,68.7500,69.7500,68.6300,69.2500,11.1199,189000,0.0000,1.0000
1997-12-09,68.5000,69.3800,67.6300,69.2500,11.1199,265400,0.0000,1.0000
1997-12-08,67.7500,69.2500,67.5000,68.5000,10.9995,335700,0.0000,1.0000
1997-12-05,66.7500,68.0000,66.6300,67.5000,10.8389,382100,0.0000,1.0000
1997-12-04,67.0000,67.3800,66.2500,66.6300,10.6992,153700,0.0000,1.0000
1997-12-03,67.5000,67.5000,65.9400,66.7500,10.7185,140700,0.0000,1.0000
1997-12-02,67.7500,68.3800,66.6300,67.2500,10.7988,372800,0.0000,1.0000
1997-12-01,65.2500,67.7500,65.2500,67.6900,10.8694,547800,0.0000,1.0000
1997-11-28,65.6300,65.6300,65.0000,65.0000,10.4375,73600,0.0000,1.0000
1997-11-26,66.5000,66.5000,65.0000,65.1900,10.4680,236500,0.0000,1.0000
1997-11-25,65.7500,67.2500,65.2500,65.3800,10.4985,490500,0.0000,1.0000
1997-11-24,65.0000,66.1300,65.0000,66.1300,10.6189,156500,0.0000,1.0000
1997-11-21,65.8800,67.1300,65.0000,66.0000,10.5981,276200,0.0000,1.0000
1997-11-20,63.7500,66.8800,63.2500,65.3800,10.4985,204900,0.0000,1.0000
1997-11-19,63.2500,63.5000,62.0000,63.2500,10.1565,243900,0.0000,1.0000
1997-11-18,65.1300,65.1300,62.2500,62.7500,10.0762,164800,0.0000,1.0000
1997-11-17,64.0000,65.5000,63.0000,64.1300,10.2978,223600,0.0000,1.0000
1997-11-14,62.1300,63.3800,60.0000,62.7500,10.0762,228800,0.0000,1.0000
1997-11-13,64.0000,64.0000,58.6300,62.0000,9.9557,249800,0.0000,1.0000
1997-11-12,64.7500,65.2500,62.7500,63.0000,10.1163,179700,0.0000,1.0000
1997-11-11,66.2500,67.0000,65.0000,65.8800,10.5788,99600,0.0000,1.0000
1997-11-10,67.7500,67.8800,65.5600,66.2500,10.6382,158100,0.0000,1.0000
1997-11-07,68.0000,69.5000,67.5000,67.5000,10.8389,124700,0.0000,1.0000
1997-11-06,68.3800,70.0000,68.3800,69.5600,11.1697,207100,0.0000,1.0000
1997-11-05,69.2500,69.7500,68.5000,69.2500,11.1199,146800,0.0000,1.0000
1997-11-04,69.0000,70.3800,68.2500,68.7500,11.0396,201500,0.0000,1.0000
1997-11-03,67.6300,68.3800,66.5000,68.0000,10.9192,217400,0.0000,1.0000
1997-10-31,67.2500,67.8800,65.6300,66.2500,10.6382,307100,0.0000,1.0000
1997-10-30,67.1300,68.7500,65.2500,65.8800,10.5788,312800,0.0000,1.0000
1997-10-29,69.0000,69.5000,67.1300,67.6300,10.8598,578000,0.0000,1.0000
1997-10-28,59.0000,68.1300,58.5000,67.5000,10.8389,762100,0.0000,1.0000
1997-10-27,71.0000,73.0000,63.8800,63.8800,10.2576,494100,0.0000,1.0000
1997-10-24,73.0000,73.7500,70.7500,72.2500,11.6017,309600,0.0000,1.0000
1997-10-23,71.7500,72.6300,69.7500,72.5000,11.6418,421900,0.0000,1.0000
1997-10-22,71.2500,73.7500,71.0000,73.5000,11.8024,414100,0.0000,1.0000
1997-10-21,68.5000,71.3800,67.5000,70.8800,11.3817,660300,0.0000,1.0000
1997-10-20,67.0000,68.5000,64.1300,67.0000,10.7586,283800,0.0000,1.0000
1997-10-17,69.6300,70.0000,65.3800,66.3800,10.6591,281400,0.0000,1.0000
1997-10-16,70.0000,70.0000,69.2500,69.6300,11.1809,130600,0.0000,1.0000
1997-10-15,69.7500,70.5000,69.2500,69.6300,11.1809,205700,0.0000,1.0000
1997-10-14,69.2500,70.6300,69.0000,70.2500,11.2805,128400,0.0000,1.0000
1997-10-13,70.3800,70.3800,68.7500,69.3800,11.1408,215200,0.0000,1.0000
1997-10-10,68.7500,69.7500,67.8800,69.1300,11.1007,664900,0.0000,1.0000
1997-10-09,68.5000,69.2500,67.8800,68.2500,10.9594,503400,0.0000,1.0000
1997-10-08,70.2500,71.7500,68.5000,69.2500,11.1199,176300,0.0000,1.0000
1997-10-07,69.1300,72.2500,68.7500,71.7500,11.5214,264000,0.0000,1.0000
1997-10-06,69.1300,69.1300,68.7500,69.0000,11.0798,121000,0.0000,1.0000
1997-10-03,68.5000,69.8800,67.7500,69.1300,11.1007,384500,0.0000,1.0000
1997-10-02,67.1300,68.1300,66.7500,67.5000,10.8389,125800,0.0000,1.0000
1997-10-01,66.8800,67.5000,66.5000,66.6300,10.6992,207100,0.0000,1.0000
1997-09-30,65.3800,67.8800,65.0000,67.2500,10.7988,194000,0.0000,1.0000
1997-09-29,64.7500,66.5000,64.3800,65.2500,10.4776,297300,0.0000,1.0000
1997-09-26,64.0000,65.0000,63.8800,64.3800,10.3379,183100,0.0000,1.0000
1997-09-25,63.8800,64.5000,62.7500,63.3800,10.1773,284900,0.0000,1.0000
1997-09-24,65.0000,65.1300,64.3800,64.5000,10.3572,186100,0.1300,1.0000
1997-09-23,66.0000,66.7500,64.1300,64.7500,10.3764,182900,0.0000,1.0000
1997-09-22,67.3800,67.5000,65.0000,66.6300,10.6777,415700,0.0000,1.0000
1997-09-19,61.2500,67.3800,61.1300,67.0000,10.7370,410700,0.0000,1.0000
1997-09-18,60.5000,61.5000,60.0000,60.8800,9.7562,198300,0.0000,1.0000
1997-09-17,60.7500,61.0000,59.7500,60.5000,9.6953,193400,0.0000,1.0000
1997-09-16,58.5000,61.5000,58.1300,60.5000,9.6953,312800,0.0000,1.0000
1997-09-15,58.2500,58.6300,57.6300,58.0000,9.2947,82000,0.0000,1.0000
1997-09-12,58.5000,58.5000,56.2500,58.0000,9.2947,124300,0.0000,1.0000
1997-09-11,59.2500,59.5000,56.8800,58.3800,9.3556,220100,0.0000,1.0000
1997-09-10,59.1300,60.0000,59.0000,59.3800,9.5159,133700,0.0000,1.0000
1997-09-09,58.0000,60.6300,58.0000,59.8800,9.5960,278800,0.0000,1.0000
1997-09-08,57.2500,58.6300,56.8800,58.5000,9.3748,187100,0.0000,1.0000
1997-09-05,55.3800,56.8800,55.1300,56.2500,9.0143,128200,0.0000,1.0000
1997-09-04,55.2500,55.7500,54.8800,54.8800,8.7947,124400,0.0000,1.0000
1997-09-03,55.8800,57.0000,55.2500,55.7500,8.9341,139900,0.0000,1.0000
1997-09-02,55.2500,56.0000,54.7500,55.5000,8.8941,82300,0.0000,1.0000
1997-08-29,53.8800,55.0000,53.0000,55.0000,8.8139,103700,0.0000,1.0000
1997-08-28,54.0000,54.3800,52.8800,53.7500,8.6136,128300,0.0000,1.0000
1997-08-27,54.8800,55.2500,53.8800,54.2500,8.6938,74700,0.0000,1.0000
1997-08-26,54.0000,55.5000,54.0000,55.0000,8.8139,111300,0.0000,1.0000
1997-08-25,55.2500,55.7500,54.0000,54.1300,8.6745,79600,0.0000,1.0000
1997-08-22,53.7500,55.2500,53.3800,55.2500,8.8540,280500,0.0000,1.0000
1997-08-21,56.7500,57.2500,53.8800,55.2500,8.8540,252200,0.0000,1.0000
1997-08-20,56.3800,57.6300,55.5000,57.1300,9.1553,162300,0.0000,1.0000
1997-08-19,56.2500,57.0000,54.6300,56.5000,9.0543,238000,0.0000,1.0000
1997-08-18,54.1300,56.6300,52.5000,56.1300,8.9950,221900,0.0000,1.0000
1997-08-15,55.5000,55.8800,53.0000,53.0000,8.4934,179000,0.0000,1.0000
1997-08-14,57.1300,57.7500,55.6300,55.8800,8.9550,222800,0.0000,1.0000
1997-08-13,55.1300,56.2500,53.6300,56.2500,9.0143,459200,0.0000,1.0000
1997-08-12,53.7500,54.5000,52.3800,52.7500,8.4534,124000,0.0000,1.0000
1997-08-11,53.2500,54.2500,53.0000,54.0000,8.6537,289000,0.0000,1.0000
1997-08-08,53.0000,54.0000,51.3800,52.8800,8.4742,199100,0.0000,1.0000
1997-08-07,53.1300,54.5000,53.0000,54.0000,8.6537,297700,0.0000,1.0000
1997-08-06,53.0000,53.5000,52.1300,52.8800,8.4742,224000,0.0000,1.0000
1997-08-05,54.2500,54.5000,52.8800,53.0000,8.4934,138500,0.0000,1.0000
1997-08-04,53.7500,54.5000,53.3800,53.7500,8.6136,252700,0.0000,1.0000
1997-08-01,54.7500,55.8800,52.8800,53.7500,8.6136,396900,0.0000,1.0000
1997-07-31,57.2500,58.2500,54.1300,54.2500,8.6938,802900,0.0000,1.0000
1997-07-30,57.7500,58.1300,56.2500,56.8800,9.1152,309900,0.0000,1.0000
1997-07-29,57.7500,58.1300,56.2500,57.0000,9.1345,146300,0.0000,1.0000
1997-07-28,57.8800,58.6300,57.2500,57.8800,9.2755,391700,0.0000,1.0000
1997-07-25,56.2500,58.7500,55.8800,58.5000,9.3748,294900,0.0000,1.0000
1997-07-24,58.2500,58.5000,56.5000,56.5000,9.0543,137500,0.0000,1.0000
1997-07-23,54.7500,55.5000,53.7500,55.1300,8.8348,275200,0.0000,1.0000
1997-07-22,53.5000,53.8800,51.8800,53.1300,8.5143,203200,0.0000,1.0000
1997-07-21,54.5000,54.6300,53.6300,54.0000,8.6537,145900,0.0000,1.0000
1997-07-18,55.0000,56.0000,53.7500,54.0000,8.6537,210500,0.0000,1.0000
1997-07-17,55.2500,55.2500,54.3800,55.0000,8.8139,172800,0.0000,1.0000
1997-07-16,54.8800,55.1300,54.7500,54.8800,8.7947,63200,0.0000,1.0000
1997-07-15,54.6300,54.6300,54.0000,54.0000,8.6537,200200,0.0000,1.0000
1997-07-14,55.5000,56.8800,54.1300,54.1300,8.6745,368400,0.0000,1.0000
1997-07-11,51.0000,52.3800,51.0000,52.3800,8.3941,543100,0.0000,1.0000
1997-07-10,51.0000,51.0000,50.7500,51.0000,8.1729,99400,0.0000,1.0000
1997-07-09,51.3800,51.3800,50.7500,51.1300,8.1938,105400,0.0000,1.0000
1997-07-08,51.5000,51.5000,50.7500,51.1300,8.1938,86400,0.0000,1.0000
1997-07-07,52.5000,52.7500,50.6300,51.2500,8.2130,108700,0.0000,1.0000
1997-07-03,51.6300,52.7500,50.6300,52.1300,8.3540,213900,0.0000,1.0000
1997-07-02,51.8800,51.8800,50.0000,50.8800,8.1537,73400,0.0000,1.0000
1997-07-01,51.5000,52.0000,51.3800,51.8800,8.3140,93600,0.0000,1.0000
1997-06-30,51.5000,52.0000,51.0000,51.6300,8.2739,216500,0.0000,1.0000
1997-06-27,49.8800,51.7500,48.8800,51.5000,8.2531,494400,0.0000,1.0000
1997-06-26,49.6300,50.0000,48.3800,48.5000,7.7723,94900,0.0000,1.0000
1997-06-25,50.2500,50.2500,49.5000,49.5000,7.9326,167800,0.0000,1.0000
1997-06-24,49.8800,50.3800,49.3800,50.0000,8.0127,139900,0.0000,1.0000
1997-06-23,49.5000,50.3800,49.1300,50.0000,8.0127,130900,0.0000,1.0000
1997-06-20,50.7500,51.0000,50.0000,50.0000,8.0127,117300,0.0000,1.0000
1997-06-19,50.0000,50.6300,49.2500,50.6300,8.1136,330800,0.1300,1.0000
1997-06-18,49.7500,50.1300,49.2500,50.0000,7.9922,70400,0.0000,1.0000
1997-06-17,50.0000,51.1300,49.6300,49.7500,7.9522,242700,0.0000,1.0000
1997-06-16,49.2500,50.0000,48.8800,50.0000,7.9922,79700,0.0000,1.0000
1997-06-13,48.7500,49.5000,48.7500,49.2500,7.8723,159400,0.0000,1.0000
1997-06-12,48.5000,48.6300,48.2500,48.6300,7.7732,358300,0.0000,1.0000
1997-06-11,48.1300,49.0000,48.1300,48.2500,7.7124,137500,0.0000,1.0000
1997-06-10,49.2500,49.3800,47.8800,48.5000,7.7524,180500,0.0000,1.0000
1997-06-09,49.7500,50.2500,48.5000,48.8800,7.8131,65400,0.0000,1.0000
1997-06-06,47.7500,50.0000,46.7500,49.7500,7.9522,290600,0.0000,1.0000
1997-06-05,47.5000,49.5000,47.2500,48.5000,7.7524,218700,0.0000,1.0000
1997-06-04,49.5000,49.5000,47.0000,47.5000,7.5926,247100,0.0000,1.0000
1997-06-03,51.5000,51.5000,48.5000,49.5000,7.9122,201600,0.0000,1.0000
1997-06-02,50.0000,52.0000,48.3800,51.8800,8.2927,250600,0.0000,1.0000
1997-05-30,48.5000,50.2500,48.2500,49.2500,7.8723,351100,0.0000,1.0000
1997-05-29,48.3800,50.0000,48.3800,49.6300,7.9330,210200,0.0000,1.0000
1997-05-28,48.0000,49.0000,47.5000,48.5000,7.7524,184100,0.0000,1.0000
1997-05-27,48.3800,50.0000,48.0000,48.8800,7.8131,115800,0.0000,1.0000
1997-05-23,50.0000,50.0000,49.0000,49.5000,7.9122,119800,0.0000,1.0000
1997-05-22,50.0000,50.0000,48.6300,48.8800,7.8131,199600,0.0000,1.0000
1997-05-21,48.7500,50.1300,47.8800,49.7500,7.9522,372700,0.0000,1.0000
1997-05-20,48.0000,49.1300,47.0000,47.7500,7.6325,208800,0.0000,1.0000
1997-05-19,47.7500,49.5000,47.5000,48.7500,7.7924,451000,0.0000,1.0000
1997-05-16,45.7500,48.7500,45.7500,48.6300,7.7732,419700,0.0000,1.0000
1997-05-15,45.5000,46.2500,44.7500,46.2500,7.3927,110900,0.0000,1.0000
1997-05-14,45.5000,46.2500,44.5000,45.5000,7.2729,276500,0.0000,1.0000
1997-05-13,45.7500,46.8800,44.0000,45.2500,7.2329,222500,0.0000,1.0000
1997-05-12,46.8800,47.5000,45.5000,46.5000,7.4327,307400,0.0000,1.0000
1997-05-09,47.3800,48.3800,46.7500,47.1300,7.5334,230600,0.0000,1.0000
1997-05-08,47.5000,48.2500,46.5000,47.0000,7.5126,118900,0.0000,1.0000
1997-05-07,49.7500,50.3800,47.2500,48.5000,7.7524,225600,0.0000,1.0000
1997-05-06,49.2500,50.6300,48.2500,50.1300,8.0129,504500,0.0000,1.0000
1997-05-05,47.3800,49.0000,45.5000,48.3800,7.7332,468500,0.0000,1.0000
1997-05-02,46.0000,48.5000,45.5000,47.8800,7.6533,487800,0.0000,1.0000
1997-05-01,47.0000,48.7500,42.0000,45.1300,7.2137,602800,0.0000,1.0000
1997-04-30,41.6300,48.0000,40.5000,46.2500,7.3927,902400,0.0000,1.0000
1997-04-29,40.7500,42.0000,40.0000,41.6300,6.6543,459900,0.0000,1.0000
1997-04-28,39.2500,40.2500,38.8800,39.1300,6.2547,148000,0.0000,1.0000
1997-04-25,39.7500,39.8800,38.0000,39.6300,6.3346,184800,0.0000,1.0000
1997-04-24,39.5000,40.1300,39.1300,39.7500,6.3538,330300,0.0000,1.0000
1997-04-23,39.3800,40.0000,37.7500,38.7500,6.1939,309800,0.0000,1.0000
1997-04-22,37.3800,37.8800,36.5000,37.8800,6.0549,217200,0.0000,1.0000
1997-04-21,38.7500,38.7500,37.1300,37.5000,5.9941,83100,0.0000,1.0000
1997-04-18,39.2500,39.3800,38.1300,38.7500,6.1939,112800,0.0000,1.0000
1997-04-17,38.8800,39.5000,38.5000,39.0000,6.2339,181200,0.0000,1.0000
1997-04-16,39.2500,39.6300,38.1300,38.5000,6.1540,543800,0.0000,1.0000
1997-04-15,39.2500,40.0000,38.7500,39.6300,6.3346,231100,0.0000,1.0000
1997-04-14,38.2500,38.7500,37.6300,38.1300,6.0948,209300,0.0000,1.0000
1997-04-11,38.5000,39.0000,37.3800,38.0000,6.0740,210900,0.0000,1.0000
1997-04-10,40.0000,40.5000,39.0000,39.1300,6.2547,90400,0.0000,1.0000
1997-04-09,41.1300,41.3800,40.0000,40.2500,6.4337,144600,0.0000,1.0000
1997-04-08,41.2500,41.8800,40.2500,40.2500,6.4337,231900,0.0000,1.0000
1997-04-07,41.3800,42.7500,41.2500,41.8800,6.6942,447800,0.0000,1.0000
1997-04-04,39.0000,40.2500,38.1300,40.0000,6.3937,277000,0.0000,1.0000
1997-04-03,38.7500,39.7500,38.0000,38.8800,6.2147,402400,0.0000,1.0000
1997-04-02,37.6300,38.7500,37.5000,38.6300,6.1747,289300,0.0000,1.0000
1997-04-01,37.1300,39.0000,36.5000,37.5000,5.9941,486400,0.0000,1.0000
1997-03-31,40.2500,41.0000,37.1300,37.1300,5.9350,618200,0.0000,1.0000
1997-03-27,41.7500,42.1300,39.5000,39.7500,6.3538,231300,0.0000,1.0000
1997-03-26,43.1300,43.5000,41.5000,41.7500,6.6735,108700,0.0000,1.0000
1997-03-25,42.7500,44.1300,42.7500,43.5000,6.9532,175200,0.0000,1.0000
1997-03-24,43.1300,43.7500,41.8800,43.1300,6.8940,198700,0.0000,1.0000
1997-03-21,43.5000,44.5000,43.0000,43.3800,6.9340,176800,0.0000,1.0000
1997-03-20,42.7500,43.7500,41.6300,43.5000,6.9532,165600,0.0000,1.0000
1997-03-19,42.0000,42.6300,40.7500,42.6300,6.8141,148900,0.1300,1.0000
1997-03-18,41.7500,43.5000,41.0000,42.1300,6.7137,251000,0.0000,1.0000
1997-03-17,42.7500,43.1300,39.3800,41.1300,6.5544,529200,0.0000,1.0000
1997-03-14,43.7500,44.2500,43.0000,43.1300,6.8731,293700,0.0000,1.0000
1997-03-13,46.7500,46.8800,43.5000,43.6300,6.9528,329000,0.0000,1.0000
1997-03-12,48.0000,48.5000,46.2500,46.2500,7.3703,100500,0.0000,1.0000
1997-03-11,49.6300,50.0000,48.0000,48.2500,7.6890,176600,0.0000,1.0000
1997-03-10,49.2500,49.6300,48.1300,49.2500,7.8483,239500,0.0000,1.0000
1997-03-07,48.5000,48.6300,47.5000,48.6300,7.7495,175600,0.0000,1.0000
1997-03-06,48.2500,49.3800,47.2500,48.3800,7.7097,247700,0.0000,1.0000
1997-03-05,45.5000,48.1300,45.0000,47.5000,7.5695,306200,0.0000,1.0000
1997-03-04,45.7500,46.7500,44.6300,45.1300,7.1918,291300,0.0000,1.0000
1997-03-03,44.2500,45.6300,42.5000,45.2500,7.2109,227100,0.0000,1.0000
1997-02-28,45.1300,47.3800,42.7500,44.1300,7.0324,1167500,0.0000,1.0000
1997-02-27,47.2500,49.0000,46.8800,47.0000,7.4898,993000,0.0000,1.0000
1997-02-26,46.1300,47.3800,46.1300,46.7500,7.4500,375300,0.0000,1.0000
1997-02-25,47.2500,47.2500,45.7500,46.6300,7.4308,139400,0.0000,1.0000
1997-02-24,47.5000,47.7500,46.7500,47.0000,7.4898,150200,0.0000,1.0000
1997-02-21,47.7500,48.2500,47.5000,47.6300,7.5902,97500,0.0000,1.0000
1997-02-20,49.5000,49.7500,47.5000,47.7500,7.6093,413200,0.0000,1.0000
1997-02-19,51.5000,51.5000,49.5000,49.8800,7.9487,573500,0.0000,1.0000
1997-02-18,53.2500,54.2500,51.2500,51.7500,8.2467,483200,0.0000,1.0000
1997-02-14,50.8800,53.7500,49.2500,53.2500,8.4858,786200,0.0000,1.0000
1997-02-13,45.7500,50.5000,45.7500,49.2500,7.8483,684000,0.0000,1.0000
1997-02-12,45.0000,46.2500,44.5000,45.8800,7.3113,164700,0.0000,1.0000
1997-02-11,44.5000,45.0000,44.5000,44.5000,7.0914,117200,0.0000,1.0000
1997-02-10,43.8800,44.7500,43.5000,44.7500,7.1312,156300,0.0000,1.0000
1997-02-07,43.0000,43.7500,42.7500,43.7500,6.9719,175100,0.0000,1.0000
1997-02-06,42.5000,43.3800,41.8800,43.1300,6.8731,111300,0.0000,1.0000
1997-02-05,41.6300,43.1300,41.6300,42.3800,6.7536,117600,0.0000,1.0000
1997-02-04,42.5000,42.5000,41.6300,42.2500,6.7328,122600,0.0000,1.0000
1997-02-03,41.5000,42.7500,41.5000,42.2500,6.7328,164100,0.0000,1.0000
1997-01-31,41.0000,41.5000,40.6300,41.2500,6.5735,266700,0.0000,1.0000
1997-01-30,41.0000,41.5000,40.3800,40.7500,6.4938,232400,0.0000,1.0000
1997-01-29,42.0000,42.0000,40.8800,41.0000,6.5336,346700,0.0000,1.0000
1997-01-28,42.2500,42.8800,42.0000,42.3800,6.7536,162900,0.0000,1.0000
1997-01-27,43.2500,43.2500,41.7500,42.2500,6.7328,212800,0.0000,1.0000
1997-01-24,43.0000,43.5000,42.5000,43.2500,6.8922,142200,0.0000,1.0000
1997-01-23,43.1300,43.6300,42.8800,43.0000,6.8524,228500,0.0000,1.0000
1997-01-22,43.3800,43.6300,42.6300,43.1300,6.8731,202100,0.0000,1.0000
1997-01-21,43.5000,43.6300,43.0000,43.6300,6.9528,82600,0.0000,1.0000
1997-01-20,43.0000,43.6300,43.0000,43.5000,6.9320,96100,0.0000,1.0000
1997-01-17,43.7500,43.7500,42.8800,43.1300,6.8731,219900,0.0000,1.0000
1997-01-16,45.0000,45.1300,43.3800,43.3800,6.9129,190700,0.0000,1.0000
1997-01-15,45.2500,45.2500,44.2500,44.6200,7.1105,224900,0.0000,1.0000
1997-01-14,43.5000,45.2500,43.2500,45.0000,7.1711,182700,0.0000,1.0000
1997-01-13,43.8800,43.8800,43.0000,43.0000,6.8524,65700,0.0000,1.0000
1997-01-10,44.7500,44.7500,43.5000,43.6300,6.9528,143800,0.0000,1.0000
1997-01-09,45.3800,45.3800,44.5000,44.7500,7.1312,155200,0.0000,1.0000
1997-01-08,43.5000,45.5000,43.3800,45.3800,7.2316,282600,0.0000,1.0000
1997-01-07,43.1300,43.7500,43.0000,43.6300,6.9528,145600,0.0000,1.0000
1997-01-06,43.3800,43.7500,42.8800,43.5000,6.9320,96200,0.0000,1.0000
1997-01-03,42.1300,43.7500,42.1300,42.8800,6.8332,352900,0.0000,1.0000
1997-01-02,43.7500,43.7500,41.3800,42.1300,6.7137,349400,0.0000,1.0000
1996-12-31,44.2500,44.7500,43.2500,43.5000,6.9320,220400,0.0000,1.0000
1996-12-30,45.2500,45.5000,44.2500,44.5000,7.0914,114600,0.0000,1.0000
1996-12-27,45.2500,45.6200,45.0000,45.5000,7.2508,183500,0.0000,1.0000
1996-12-26,45.5000,45.5000,44.5000,45.2500,7.2109,169400,0.1300,1.0000
1996-12-24,44.0000,45.2500,43.5000,45.2500,7.1903,138500,0.0000,1.0000
1996-12-23,43.0000,44.0000,42.5000,43.5000,6.9122,173400,0.0000,1.0000
1996-12-20,41.5000,43.0000,41.1200,43.0000,6.8327,319300,0.0000,1.0000
1996-12-19,39.1200,41.5000,38.7500,41.5000,6.5944,555000,0.0000,1.0000
1996-12-18,37.7500,39.2500,37.7500,39.0000,6.1971,279700,0.0000,1.0000
1996-12-17,38.0000,38.0000,37.6200,38.0000,6.0382,36700,0.0000,1.0000
1996-12-16,38.5000,39.0000,38.0000,38.3800,6.0986,203300,0.0000,1.0000
1996-12-13,38.1200,38.5000,38.0000,38.5000,6.1177,135800,0.0000,1.0000
1996-12-12,39.7500,39.7500,38.3800,38.7500,6.1574,77300,0.0000,1.0000
1996-12-11,39.5000,39.7500,38.7500,39.0600,6.2067,275000,0.0000,1.0000
1996-12-10,38.2500,41.0000,38.2500,40.2500,6.3958,345200,0.0000,1.0000
1996-12-09,37.5000,38.5000,37.3800,38.2500,6.0780,388600,0.0000,1.0000
1996-12-06,34.7500,38.1200,34.5000,37.1200,5.8984,386000,0.0000,1.0000
1996-12-05,35.0000,35.6200,35.0000,35.2500,5.6013,17400,0.0000,1.0000
1996-12-04,36.7500,36.7500,34.8800,35.3800,5.6219,93000,0.0000,1.0000
1996-12-03,36.5000,36.8800,36.1200,36.7500,5.8396,140200,0.0000,1.0000
1996-12-02,36.1200,36.6200,36.1200,36.3800,5.7808,44500,0.0000,1.0000
1996-11-29,36.1200,36.3800,35.8800,36.1200,5.7395,96500,0.0000,1.0000
1996-11-27,37.1250,37.1250,36.0000,36.3750,5.7800,138300,0.0000,1.0000
1996-11-26,37.1250,37.6250,36.5000,36.8750,5.8595,150800,0.0000,1.0000
1996-11-25,37.1200,37.6200,36.5000,36.8600,5.8571,131600,0.0000,1.0000
1996-11-22,36.2500,37.7500,36.0000,37.3750,5.9389,114800,0.0000,1.0000
1996-11-21,35.0000,36.2500,35.0000,36.2500,5.7602,222200,0.0000,1.0000
1996-11-20,35.6250,36.0000,35.0000,35.1250,5.5814,128400,0.0000,1.0000
1996-11-19,36.5000,36.5000,35.5000,36.0000,5.7204,202800,0.0000,1.0000
1996-11-18,36.5000,36.5000,35.5000,36.0000,5.7204,61600,0.0000,1.0000
1996-11-15,36.1250,36.3750,35.7500,35.8750,5.7006,81900,0.0000,1.0000
1996-11-14,36.3750,36.8750,36.1250,36.3750,5.7800,146400,0.0000,1.0000
1996-11-13,36.6250,36.8750,35.8750,36.3750,5.7800,72200,0.0000,1.0000
1996-11-12,36.8750,37.0000,36.6250,36.8750,5.8595,101100,0.0000,1.0000
1996-11-11,36.8800,37.0000,36.6200,36.8800,5.8603,67700,0.0000,1.0000
1996-11-08,37.1250,37.5000,36.7500,37.2500,5.9191,272000,0.0000,1.0000
1996-11-07,36.2500,37.7500,36.2500,37.1250,5.8992,294900,0.0000,1.0000
1996-11-06,36.0000,36.7500,35.0000,36.6250,5.8197,231400,0.0000,1.0000
1996-11-05,34.5000,35.2500,33.8750,35.2500,5.6013,349600,0.0000,1.0000
1996-11-04,34.5000,35.2500,33.8800,35.2500,5.6013,120800,0.0000,1.0000
1996-11-01,34.0000,34.2500,33.8750,34.1250,5.4225,9900,0.0000,1.0000
1996-10-31,33.8750,34.2500,33.5000,33.8750,5.3828,46900,0.0000,1.0000
1996-10-30,34.2500,34.2500,33.8750,34.2500,5.4423,80600,0.0000,1.0000
1996-10-29,33.8800,34.2500,33.5000,33.8800,5.3836,102100,0.0000,1.0000
1996-10-28,34.2500,34.2500,33.8800,34.2500,5.4423,71700,0.0000,1.0000
1996-10-25,34.7500,35.2500,33.7500,34.2500,5.4423,69700,0.0000,1.0000
1996-10-24,35.5000,35.7500,35.1250,35.3750,5.6211,105200,0.0000,1.0000
1996-10-23,35.5000,36.1250,35.3750,35.8750,5.7006,126300,0.0000,1.0000
1996-10-22,35.5000,35.7500,35.1200,35.3800,5.6219,122500,0.0000,1.0000
1996-10-21,35.5000,36.1200,35.3800,35.8800,5.7014,213200,0.0000,1.0000
1996-10-18,35.5000,35.5000,34.5000,35.3750,5.6211,54000,0.0000,1.0000
1996-10-17,36.1250,36.1250,35.0000,35.5000,5.6410,17300,0.0000,1.0000
1996-10-16,35.0000,36.5000,35.0000,35.7500,5.6807,403700,0.0000,1.0000
1996-10-15,36.1200,36.1200,35.0000,35.5000,5.6410,139000,0.0000,1.0000
1996-10-14,35.0000,36.5000,35.0000,35.7500,5.6807,238500,0.0000,1.0000
1996-10-11,34.7500,34.7500,34.2500,34.7500,5.5218,29300,0.0000,1.0000
1996-10-10,34.7500,35.2500,34.1250,34.6250,5.5019,239800,0.0000,1.0000
1996-10-09,34.6250,34.7500,33.8750,34.7500,5.5218,33700,0.0000,1.0000
1996-10-08,34.7500,35.2500,34.1200,34.6200,5.5011,700800,0.0000,1.0000
1996-10-07,34.6200,34.7500,33.8800,34.7500,5.5218,130300,0.0000,1.0000
1996-10-04,32.2500,32.7500,32.2500,32.7500,5.2040,406600,0.0000,1.0000
1996-10-03,32.1250,32.7500,32.0000,32.2500,5.1245,242200,0.0000,1.0000
1996-10-02,32.2500,32.7500,32.2500,32.7500,5.2040,160800,0.0000,1.0000
1996-10-01,32.7500,33.3750,32.5000,32.5000,5.1643,58100,0.0000,1.0000
1996-09-30,32.7500,33.3800,32.5000,32.5000,5.1643,325300,0.0000,1.0000
1996-09-27,32.5000,33.0000,32.2500,32.6250,5.1841,185300,0.0000,1.0000
1996-09-26,33.0000,33.7500,32.0000,32.1250,5.1047,413800,0.0000,1.0000
1996-09-25,32.3750,32.7500,31.8750,32.5000,5.1643,232000,0.1050,1.0000
1996-09-24,32.5000,32.7500,32.1250,32.1250,5.0882,298700,0.0000,1.0000
1996-09-23,32.7500,32.7500,32.1200,32.1200,5.0875,51400,0.0000,1.0000
1996-09-20,33.7500,34.0000,32.2500,32.7500,5.1872,59900,0.0000,1.0000
1996-09-19,34.1250,34.5000,33.5000,34.0000,5.3852,183800,0.0000,1.0000
1996-09-18,35.0000,35.7500,32.8750,34.7500,5.5040,399000,0.0000,1.0000
1996-09-17,32.3750,33.0000,30.7500,33.0000,5.2268,310100,0.0000,1.0000
1996-09-16,32.3800,33.0000,30.7500,33.0000,5.2268,541900,0.0000,1.0000
1996-09-13,29.5000,30.2500,29.2500,30.0000,4.7517,590400,0.0000,1.0000
1996-09-12,29.7500,29.7500,29.1250,29.1250,4.6131,72200,0.0000,1.0000
1996-09-11,29.7500,29.7500,29.1250,29.7500,4.7121,61700,0.0000,1.0000
1996-09-10,29.6250,30.2500,29.2500,29.8125,4.7220,317900,0.0000,1.0000
1996-09-09,29.2500,30.2500,29.2500,29.8100,4.7216,69400,0.0000,1.0000
1996-09-06,29.0000,29.7500,28.7500,29.5000,4.6725,17100,0.0000,1.0000
1996-09-05,29.7500,29.7500,28.7500,29.0000,4.5933,228100,0.0000,1.0000
1996-09-04,28.5000,29.7500,28.5000,29.3750,4.6527,59700,0.0000,1.0000
1996-09-03,28.5000,29.7500,28.5000,29.3800,4.6535,82800,0.0000,1.0000
1996-08-30,29.2500,31.1250,29.2500,31.1250,4.9299,163300,0.0000,1.0000
1996-08-29,29.1250,29.7500,29.1250,29.3750,4.6527,90300,0.0000,1.0000
1996-08-28,29.0000,29.5000,28.7500,29.2500,4.6329,296800,0.0000,1.0000
1996-08-27,29.1200,29.7500,29.1200,29.3800,4.6535,81900,0.0000,1.0000
1996-08-26,29.0000,29.5000,28.7500,29.2500,4.6329,38200,0.0000,1.0000
1996-08-23,29.5000,29.5000,29.0000,29.2500,4.6329,35900,0.0000,1.0000
1996-08-22,29.7500,30.0000,29.1250,29.6875,4.7022,28300,0.0000,1.0000
1996-08-21,29.7500,29.7500,29.1250,29.5000,4.6725,69300,0.0000,1.0000
1996-08-20,29.7500,30.0000,29.1200,29.6900,4.7026,40000,0.0000,1.0000
1996-08-19,29.7500,29.7500,29.1200,29.5000,4.6725,17900,0.0000,1.0000
1996-08-16,28.7500,28.7500,28.5000,28.7500,4.5537,65400,0.0000,1.0000
1996-08-15,28.7500,29.2500,28.2500,28.5000,4.5141,105100,0.0000,1.0000
1996-08-14,29.0000,29.2500,28.7500,29.0000,4.5933,73400,0.0000,1.0000
1996-08-13,28.7500,29.2500,28.2500,28.5000,4.5141,79700,0.0000,1.0000
1996-08-12,29.0000,29.2500,28.7500,29.0000,4.5933,206100,0.0000,1.0000
1996-08-09,29.2500,30.8750,29.2500,30.5000,4.8309,81200,0.0000,1.0000
1996-08-08,29.5000,29.8750,28.6250,29.5000,4.6725,104600,0.0000,1.0000
1996-08-07,30.0000,30.2500,29.5000,29.7500,4.7121,303200,0.0000,1.0000
1996-08-06,29.5000,29.8800,28.6200,29.5000,4.6725,305100,0.0000,1.0000
1996-08-05,30.0000,30.2500,29.5000,29.7500,4.7121,91100,0.0000,1.0000
1996-08-02,29.7500,30.2500,29.2500,30.0000,4.7517,422100,0.0000,1.0000
1996-08-01,25.0000,25.5000,24.7500,25.3750,4.0191,303200,0.0000,1.0000
1996-07-31,25.3750,25.7500,24.5000,24.7500,3.9201,315600,0.0000,1.0000
1996-07-30,25.0000,25.5000,24.7500,25.3800,4.0199,443200,0.0000,1.0000
1996-07-29,25.3800,25.7500,24.5000,24.7500,3.9201,157900,0.0000,1.0000
1996-07-26,25.0000,25.2500,24.2500,24.5000,3.8805,142500,0.0000,1.0000
1996-07-25,26.0000,26.5000,25.5000,25.5000,4.0389,322200,0.0000,1.0000
1996-07-24,25.7500,26.5000,25.7500,26.1250,4.1379,178800,0.0000,1.0000
1996-07-23,26.0000,26.5000,25.5000,25.5000,4.0389,344000,0.0000,1.0000
1996-07-22,25.7500,26.5000,25.7500,26.1200,4.1371,353100,0.0000,1.0000
1996-07-19,24.0000,24.7500,23.7500,24.1250,3.8211,186200,0.0000,1.0000
1996-07-18,24.2500,24.5000,22.7500,23.2500,3.6825,480900,0.0000,1.0000
1996-07-17,25.7500,25.7500,23.7500,23.7500,3.7617,527400,0.0000,1.0000
1996-07-16,24.2500,24.5000,22.7500,23.2500,3.6825,419100,0.0000,1.0000
1996-07-15,25.7500,25.7500,23.7500,23.7500,3.7617,412400,0.0000,1.0000
1996-07-12,26.2500,26.2500,25.7500,26.2500,4.1577,131200,0.0000,1.0000
1996-07-11,25.2500,26.5000,25.2500,26.2500,4.1577,206200,0.0000,1.0000
1996-07-10,26.7500,26.7500,24.7500,25.7500,4.0785,160700,0.0000,1.0000
1996-07-09,25.2500,26.5000,25.2500,26.2500,4.1577,361100,0.0000,1.0000
1996-07-08,26.7500,26.7500,24.7500,25.7500,4.0785,528200,0.0000,1.0000
1996-07-05,28.2500,28.2500,27.5000,27.6250,4.3755,240700,0.0000,1.0000
1996-07-03,31.0000,31.0000,29.7500,29.7500,4.7121,88300,0.0000,1.0000
1996-07-02,30.0000,30.0000,27.5000,27.7500,4.3953,183600,0.0000,1.0000
1996-07-01,31.0000,31.0000,29.7500,29.7500,4.7121,310900,0.0000,1.0000
1996-06-28,27.0000,28.7500,27.0000,28.2500,4.4745,305800,0.0000,1.0000
1996-06-27,27.5000,27.5000,26.7500,27.0000,4.2765,276900,0.0000,1.0000
1996-06-26,26.7500,27.5000,26.7500,27.2500,4.3161,124100,0.0000,1.0000
1996-06-25,27.5000,27.5000,26.7500,27.0000,4.2765,52700,0.0000,1.0000
1996-06-24,27.5000,27.5000,26.7500,27.0000,4.2765,100100,0.0000,1.0000
1996-06-21,27.7500,27.7500,26.0000,26.5000,4.1973,99500,0.0000,1.0000
1996-06-20,27.0000,28.2500,27.0000,27.7500,4.3953,333000,0.1050,1.0000
1996-06-19,26.7500,27.5000,26.7500,27.2500,4.2998,143000,0.0000,1.0000
1996-06-18,26.2500,27.0000,26.2500,26.7500,4.2209,58100,0.0000,1.0000
1996-06-17,27.0000,27.0000,26.2500,26.7500,4.2209,75200,0.0000,1.0000
1996-06-14,27.0000,27.0000,26.2500,26.3750,4.1618,77100,0.0000,1.0000
1996-06-13,26.7500,27.5000,26.7500,27.0000,4.2604,106200,0.0000,1.0000
1996-06-12,28.0000,28.0000,26.8750,26.8750,4.2407,66200,0.0000,1.0000
1996-06-11,28.0000,28.0000,26.8800,26.8800,4.2414,205600,0.0000,1.0000
1996-06-10,27.2500,27.8800,27.2500,27.5000,4.3393,137800,0.0000,1.0000
1996-06-07,27.5000,28.0000,27.0000,27.0000,4.2604,131900,0.0000,1.0000
1996-06-06,27.2500,28.0000,27.1250,27.5000,4.3393,176900,0.0000,1.0000
1996-06-05,28.1250,28.1250,27.6250,27.7500,4.3787,137400,0.0000,1.0000
1996-06-04,27.7500,28.1250,27.6250,28.1250,4.4379,131000,0.0000,1.0000
1996-06-03,27.7500,28.1200,27.6200,28.1200,4.4371,39500,0.0000,1.0000
1996-05-31,27.5000,27.7500,27.1250,27.1250,4.2801,114300,0.0000,1.0000
1996-05-30,27.5000,27.7500,27.1250,27.2500,4.2998,31800,0.0000,1.0000
1996-05-29,27.5000,27.7500,27.1200,27.1200,4.2793,35800,0.0000,1.0000
1996-05-28,27.2500,27.7500,27.1200,27.2500,4.2998,176700,0.0000,1.0000
1996-05-24,28.2500,28.5000,27.5000,27.5000,4.3393,95900,0.0000,1.0000
1996-05-23,29.1250,29.3750,28.2500,28.3750,4.4773,189100,0.0000,1.0000
1996-05-22,29.2500,29.2500,28.5000,28.7500,4.5365,69700,0.0000,1.0000
1996-05-21,29.1200,29.3800,28.2500,28.3800,4.4781,150900,0.0000,1.0000
1996-05-20,29.2500,29.2500,28.5000,28.7500,4.5365,177500,0.0000,1.0000
1996-05-17,28.3750,29.7500,28.0000,28.7500,4.5365,131700,0.0000,1.0000
1996-05-16,28.3750,28.3750,28.0000,28.3750,4.4773,41500,0.0000,1.0000
1996-05-15,26.7500,28.2500,26.7500,28.2500,4.4576,222100,0.0000,1.0000
1996-05-14,28.3800,28.3800,28.0000,28.3800,4.4781,122600,0.0000,1.0000
1996-05-13,26.7500,28.2500,26.7500,28.2500,4.4576,79500,0.0000,1.0000
1996-05-10,25.7500,26.0000,24.7500,25.5000,4.0237,107500,0.0000,1.0000
1996-05-09,26.7500,26.7500,25.2500,25.6250,4.0434,93600,0.0000,1.0000
1996-05-08,27.2500,27.2500,26.0000,26.7500,4.2209,125900,0.0000,1.0000
1996-05-07,26.7500,26.7500,25.2500,25.6200,4.0426,168200,0.0000,1.0000
1996-05-06,27.2500,27.2500,26.0000,26.7500,4.2209,169100,0.0000,1.0000
1996-05-03,28.5000,28.5000,27.0000,27.0000,4.2604,164300,0.0000,1.0000
1996-05-02,26.7500,27.2500,26.5000,26.8800,4.2414,149200,0.0000,1.0000
1996-05-01,28.5000,28.5000,27.0000,27.0000,4.2604,48650,0.0000,2.0000
1996-04-30,56.2500,56.7500,56.2500,56.5000,4.4576,111300,0.0000,1.0000
1996-04-29,56.2500,56.7500,56.2500,56.5000,4.4576,14200,0.0000,1.0000
1996-04-26,57.0000,57.2500,56.5000,57.0000,4.4971,27300,0.0000,1.0000
1996-04-25,57.2500,57.5000,56.5000,56.5000,4.4576,67400,0.0000,1.0000
1996-04-24,55.5000,57.0000,55.0000,56.5000,4.4576,90900,0.0000,1.0000
1996-04-23,55.7500,56.0000,54.5000,54.7500,4.3196,278000,0.0000,1.0000
1996-04-22,55.7500,56.0000,54.5000,54.7500,4.3196,100500,0.0000,1.0000
1996-04-19,57.2500,57.7500,56.7500,57.2500,4.5168,120700,0.0000,1.0000
1996-04-18,57.0000,57.2500,56.2500,56.6250,4.4675,48700,0.0000,1.0000
1996-04-17,57.0000,57.0000,56.2500,57.0000,4.4971,124800,0.0000,1.0000
1996-04-16,57.0000,57.0000,56.2500,56.2500,4.4379,92500,0.0000,1.0000
1996-04-15,57.0000,57.0000,56.2500,56.2500,4.4379,46800,0.0000,1.0000
1996-04-12,57.2500,57.5000,56.7500,57.0000,4.4971,309300,0.0000,1.0000
1996-04-11,58.5000,59.0000,57.5000,57.7500,4.5562,56300,0.0000,1.0000
1996-04-10,57.7500,59.7500,57.0000,59.0000,4.6549,92600,0.0000,1.0000
1996-04-09,56.2500,58.0000,56.0000,57.2500,4.5168,222800,0.0000,1.0000
1996-04-08,56.2500,58.0000,56.0000,57.1900,4.5121,204300,0.0000,1.0000
1996-04-04,55.0000,55.5000,54.5000,55.1250,4.3491,170600,0.0000,1.0000
1996-04-03,54.7500,56.0000,54.5000,54.6250,4.3097,44900,0.0000,1.0000
1996-04-02,53.7500,55.2500,53.5000,55.2500,4.3590,143100,0.0000,1.0000
1996-04-01,53.7500,55.2500,53.5000,55.2500,4.3590,123600,0.0000,1.0000
1996-03-29,53.1250,53.2500,52.7500,53.2500,4.2012,121800,0.0000,1.0000
1996-03-28,53.1250,53.1250,52.7500,52.7500,4.1618,37200,0.0000,1.0000
1996-03-27,53.5000,54.0000,52.7500,53.1250,4.1913,97300,0.0000,1.0000
1996-03-26,53.1200,53.1200,52.7500,52.7500,4.1618,42600,0.0000,1.0000
1996-03-25,53.5000,54.0000,52.7500,53.1200,4.1910,72900,0.0000,1.0000
1996-03-22,55.0000,55.5000,54.2500,54.7500,4.3196,54300,0.0000,1.0000
1996-03-21,55.5000,55.7500,53.0000,55.5000,4.3787,119600,0.0000,1.0000
1996-03-20,52.7500,53.2500,52.0000,53.2500,4.2012,58800,0.2100,1.0000
1996-03-19,53.0000,55.7500,53.0000,55.5000,4.3615,179600,0.0000,1.0000
1996-03-18,52.7500,53.2500,52.0000,53.2500,4.1847,137500,0.0000,1.0000
1996-03-15,56.2500,56.5000,54.0000,54.5000,4.2829,84900,0.0000,1.0000
1996-03-14,57.5000,57.5000,56.0000,56.3750,4.4303,124900,0.0000,1.0000
1996-03-13,56.7500,58.0000,56.0000,57.3750,4.5089,272700,0.0000,1.0000
1996-03-12,57.5000,57.5000,56.0000,56.3800,4.4307,241600,0.0000,1.0000
1996-03-11,56.7500,58.0000,56.0000,57.3800,4.5093,242800,0.0000,1.0000
1996-03-08,53.7500,53.7500,53.2500,53.2500,4.1847,659300,0.0000,1.0000
1996-03-07,53.7500,54.0000,53.2500,53.7500,4.2240,569700,0.0000,1.0000
1996-03-06,53.5000,54.0000,53.5000,53.7500,4.2240,173900,0.0000,1.0000
1996-03-05,53.7500,54.0000,53.2500,53.7500,4.2240,33400,0.0000,1.0000
1996-03-04,53.5000,54.0000,53.5000,53.7500,4.2240,70300,0.0000,1.0000
1996-03-01,54.2500,54.2500,53.5000,53.5000,4.2044,57200,0.0000,1.0000
1996-02-29,54.0000,54.0000,53.5000,53.7500,4.2240,61800,0.0000,1.0000
1996-02-28,54.0000,54.5000,53.7500,54.2500,4.2633,104500,0.0000,1.0000
1996-02-27,54.0000,54.5000,54.0000,54.1250,4.2535,55600,0.0000,1.0000
1996-02-26,54.0000,54.5000,53.7500,54.2500,4.2633,140900,0.0000,1.0000
1996-02-23,54.5000,55.7500,54.0000,54.2500,4.2633,149400,0.0000,1.0000
1996-02-22,54.2500,54.5000,53.5000,54.2500,4.2633,285100,0.0000,1.0000
1996-02-21,53.7500,54.0000,53.7500,54.0000,4.2436,56800,0.0000,1.0000
1996-02-20,52.7500,54.7500,52.7500,53.7500,4.2240,138900,0.0000,1.0000
1996-02-16,52.0000,53.2500,52.0000,53.0000,4.1651,94600,0.0000,1.0000
1996-02-15,50.5000,52.7500,50.2500,52.5000,4.1258,200400,0.0000,1.0000
1996-02-14,51.7500,51.7500,49.2500,50.5000,3.9686,108800,0.0000,1.0000
1996-02-13,52.5000,52.5000,51.2500,51.7500,4.0668,58000,0.0000,1.0000
1996-02-12,53.2500,53.7500,52.7500,53.0000,4.1651,112700,0.0000,1.0000
1996-02-09,53.2500,53.5000,52.7500,53.1250,4.1749,92300,0.0000,1.0000
1996-02-08,51.2500,53.7500,51.2500,52.7500,4.1454,227200,0.0000,1.0000
1996-02-07,51.7500,52.2500,51.0000,51.0000,4.0079,120600,0.0000,1.0000
1996-02-06,52.5000,52.5000,51.7500,52.0000,4.0865,27900,0.0000,1.0000
1996-02-05,52.0000,52.2500,51.7500,52.2500,4.1061,54100,0.0000,1.0000
1996-02-02,51.2500,54.5000,50.7500,54.0000,4.2436,89600,0.0000,1.0000
1996-02-01,50.2500,52.0000,50.0000,51.3750,4.0374,154800,0.0000,1.0000
1996-01-31,51.0000,51.0000,49.7500,49.7500,3.9097,312600,0.0000,1.0000
1996-01-30,50.2500,52.0000,50.0000,51.3800,4.0378,225800,0.0000,1.0000
1996-01-29,51.0000,51.0000,49.7500,49.7500,3.9097,143200,0.0000,1.0000
1996-01-26,46.7500,46.7500,46.2500,46.7500,3.6739,508100,0.0000,1.0000
1996-01-25,46.2500,46.7500,45.7500,46.5000,3.6543,517400,0.0000,1.0000
1996-01-24,46.0000,46.1250,45.6250,45.7500,3.5953,74700,0.0000,1.0000
1996-01-23,46.2500,46.7500,45.7500,46.5000,3.6543,64000,0.0000,1.0000
1996-01-22,46.0000,46.1200,45.6200,45.7500,3.5953,47200,0.0000,1.0000
1996-01-19,43.2500,46.5000,42.6250,46.0000,3.6150,484400,0.0000,1.0000
1996-01-18,43.5000,44.2500,42.7500,43.2500,3.3988,314200,0.0000,1.0000
1996-01-17,44.0000,44.2500,43.5000,43.5625,3.4234,425000,0.0000,1.0000
1996-01-16,43.5000,44.2500,42.7500,43.2500,3.3988,211000,0.0000,1.0000
1996-01-15,44.0000,44.2500,43.5000,43.5600,3.4232,133800,0.0000,1.0000
1996-01-12,46.2500,46.5000,43.5000,44.0000,3.4578,238400,0.0000,1.0000
1996-01-11,47.5000,47.5000,46.7500,47.0000,3.6935,259400,0.0000,1.0000
1996-01-10,47.5000,47.5000,47.0000,47.5000,3.7328,143700,0.0000,1.0000
1996-01-09,47.5000,47.5000,46.7500,47.0000,3.6935,75300,0.0000,1.0000
1996-01-08,47.5000,47.5000,47.0000,47.5000,3.7328,64200,0.0000,1.0000
1996-01-05,48.2500,48.7500,48.0000,48.5000,3.8114,352400,0.0000,1.0000
1996-01-04,48.6250,48.6250,47.7500,48.1875,3.7869,350000,0.0000,1.0000
1996-01-03,48.2500,48.7500,48.0000,48.5000,3.8114,401200,0.0000,1.0000
1996-01-02,48.6200,48.6200,47.7500,48.1900,3.7871,173200,0.0000,1.0000
1995-12-29,47.0000,49.3800,46.5000,49.2500,3.8704,191200,0.0000,1.0000
1995-12-28,48.2500,48.2500,46.5000,46.7500,3.6739,255000,0.0000,1.0000
1995-12-27,49.2500,49.7500,47.7500,48.2500,3.7918,208600,0.0000,1.0000
1995-12-26,50.7500,50.7500,49.2500,49.7500,3.9097,116800,0.2100,1.0000
1995-12-22,51.2500,51.2500,50.2500,50.7500,3.9715,172700,0.0000,1.0000
1995-12-21,51.1300,51.2500,50.7500,50.7500,3.9715,66900,0.0000,1.0000
1995-12-20,52.0000,52.0000,50.7500,51.0000,3.9910,57300,0.0000,1.0000
1995-12-19,52.7500,52.7500,51.2500,52.0000,4.0693,124800,0.0000,1.0000
1995-12-18,54.5000,54.5000,52.3800,52.5000,4.1084,197100,0.0000,1.0000
1995-12-15,54.5000,54.7500,54.0000,54.0000,4.2258,144700,0.0000,1.0000
1995-12-14,55.2500,55.2500,54.5000,54.5600,4.2696,99200,0.0000,1.0000
1995-12-13,55.5000,55.5000,54.7500,55.2500,4.3236,253700,0.0000,1.0000
1995-12-12,55.5000,55.7500,55.0000,55.2500,4.3236,167400,0.0000,1.0000
1995-12-11,55.0000,55.5000,55.0000,55.1300,4.3142,76200,0.0000,1.0000
1995-12-08,54.5000,55.5000,54.5000,55.5000,4.3432,134800,0.0000,1.0000
1995-12-07,55.5000,55.5000,54.3800,54.5000,4.2649,39900,0.0000,1.0000
1995-12-06,55.5000,55.5000,54.7500,55.5000,4.3432,95400,0.0000,1.0000
1995-12-05,53.0000,55.5000,53.0000,55.3800,4.3338,395000,0.0000,1.0000
1995-12-04,53.0000,53.2500,52.5000,52.8800,4.1382,151200,0.0000,1.0000
1995-12-01,52.7500,52.8800,52.2500,52.5000,4.1084,51300,0.0000,1.0000
1995-11-30,52.0000,53.2500,52.0000,52.8800,4.1382,198000,0.0000,1.0000
1995-11-29,53.0000,53.0000,52.0000,52.0000,4.0693,69100,0.0000,1.0000
1995-11-28,51.2500,52.7500,51.2500,52.5000,4.1084,143800,0.0000,1.0000
1995-11-27,52.7500,52.7500,51.2500,51.5000,4.0302,80800,0.0000,1.0000
1995-11-24,52.7500,53.0000,52.2500,52.2500,4.0889,25900,0.0000,1.0000
1995-11-22,53.5000,53.5000,52.0000,52.5000,4.1084,48400,0.0000,1.0000
1995-11-21,52.7500,54.0000,52.7500,53.2500,4.1671,102600,0.0000,1.0000
1995-11-20,53.2500,53.7500,52.5000,53.2500,4.1671,125500,0.0000,1.0000
1995-11-17,54.5000,54.5000,52.2500,53.2500,4.1671,88000,0.0000,1.0000
1995-11-16,53.7500,55.0000,53.7500,54.2500,4.2454,238200,0.0000,1.0000
1995-11-15,54.0000,54.2500,53.2500,53.7500,4.2062,243200,0.0000,1.0000
1995-11-14,54.7500,55.0000,53.5000,53.5000,4.1867,133800,0.0000,1.0000
1995-11-13,54.7500,55.7500,54.5000,54.6300,4.2751,433000,0.0000,1.0000
1995-11-10,55.0000,55.5000,53.5000,54.7500,4.2845,520100,0.0000,1.0000
1995-11-09,54.2500,56.7500,54.2500,55.5000,4.3432,156600,0.0000,1.0000
1995-11-08,53.2500,54.2500,53.2500,54.2500,4.2454,57500,0.0000,1.0000
1995-11-07,53.5600,54.0000,53.2500,53.6300,4.1969,57500,0.0000,1.0000
1995-11-06,54.0000,55.2500,53.7500,55.2500,4.3236,179600,0.0000,1.0000
1995-11-03,51.7500,53.0000,51.5000,53.0000,4.1476,165100,0.0000,1.0000
1995-11-02,52.2500,54.0000,51.7500,54.0000,4.2258,113000,0.0000,1.0000
1995-11-01,49.7500,51.5000,49.2500,51.5000,4.0302,151900,0.0000,1.0000
1995-10-31,49.5000,50.0000,49.0000,49.7500,3.8932,87400,0.0000,1.0000
1995-10-30,48.2500,49.7500,48.0000,49.5000,3.8737,182200,0.0000,1.0000
1995-10-27,48.0000,48.2500,47.7500,48.0000,3.7563,38900,0.0000,1.0000
1995-10-26,47.3800,47.3800,45.3800,45.5000,3.5606,172300,0.0000,1.0000
1995-10-25,49.2500,49.2500,47.2500,47.3800,3.7078,133200,0.0000,1.0000
1995-10-24,48.5000,50.0000,48.5000,49.2500,3.8541,137300,0.0000,1.0000
1995-10-23,49.2500,49.2500,48.5000,48.5000,3.7954,60900,0.0000,1.0000
1995-10-20,50.2500,50.2500,49.2500,49.6300,3.8838,20700,0.0000,1.0000
1995-10-19,50.2500,50.2500,49.7500,50.2500,3.9324,66100,0.0000,1.0000
1995-10-18,50.2500,50.2500,49.7500,50.2500,3.9324,34800,0.0000,1.0000
1995-10-17,49.7500,50.6300,49.6300,50.0000,3.9128,188200,0.0000,1.0000
1995-10-16,49.2500,50.2500,48.5000,50.0000,3.9128,116300,0.0000,1.0000
1995-10-13,48.5000,49.5000,48.5000,48.8800,3.8251,162000,0.0000,1.0000
1995-10-12,47.2500,48.5000,46.7500,48.5000,3.7954,125200,0.0000,1.0000
1995-10-11,47.0000,47.2500,46.5000,47.0000,3.6780,98300,0.0000,1.0000
1995-10-10,45.2500,47.6300,45.0000,46.8800,3.6686,234100,0.0000,1.0000
1995-10-09,47.2500,47.2500,46.0000,46.0600,3.6045,117000,0.0000,1.0000
1995-10-06,48.0000,48.0000,46.7500,47.0000,3.6780,138900,0.0000,1.0000
1995-10-05,48.2500,48.5000,47.5000,47.6300,3.7273,158900,0.0000,1.0000
1995-10-04,48.2500,48.5000,47.7500,48.0000,3.7563,130800,0.0000,1.0000
1995-10-03,49.1300,49.3800,47.3800,47.6300,3.7273,113700,0.0000,1.0000
1995-10-02,51.2500,51.5000,49.5000,49.7500,3.8932,146200,0.0000,1.0000
1995-09-29,49.7500,51.7500,49.5000,51.7500,4.0497,89200,0.0000,1.0000
1995-09-28,48.2500,50.2500,48.0000,50.2500,3.9324,183300,0.0000,1.0000
1995-09-27,46.7500,49.0000,46.7500,49.0000,3.8345,197700,0.1600,1.0000
1995-09-26,44.5000,46.7500,44.5000,46.7500,3.6465,211400,0.0000,1.0000
1995-09-25,45.2500,45.2500,44.5000,45.0000,3.5100,29200,0.0000,1.0000
1995-09-22,46.5000,47.7500,44.7500,45.2500,3.5295,25200,0.0000,1.0000
1995-09-21,47.5000,48.7500,45.7500,46.2500,3.6075,280300,0.0000,1.0000
1995-09-20,45.7500,47.5000,45.5000,47.2500,3.6855,172800,0.0000,1.0000
1995-09-19,45.7500,46.2500,45.5000,45.8800,3.5787,39400,0.0000,1.0000
1995-09-18,47.0000,47.2500,45.5000,45.7500,3.5685,85900,0.0000,1.0000
1995-09-15,47.7500,47.7500,46.7500,47.0000,3.6660,330800,0.0000,1.0000
1995-09-14,47.7500,48.2500,47.5000,47.6300,3.7152,23200,0.0000,1.0000
1995-09-13,49.2500,49.7500,47.8800,47.8800,3.7347,76000,0.0000,1.0000
1995-09-12,49.0000,49.5000,48.5000,49.0000,3.8221,192000,0.0000,1.0000
1995-09-11,48.7500,49.0000,48.5000,48.8800,3.8127,52500,0.0000,1.0000
1995-09-08,49.0000,50.0000,48.5000,49.0000,3.8221,168800,0.0000,1.0000
1995-09-07,49.0000,49.5000,48.5000,49.2500,3.8416,50100,0.0000,1.0000
1995-09-06,49.5000,50.0000,48.5000,49.5000,3.8611,139200,0.0000,1.0000
1995-09-05,48.5000,50.0000,48.5000,49.7500,3.8806,119000,0.0000,1.0000
1995-09-01,47.0000,49.0000,47.0000,48.5000,3.7831,134900,0.0000,1.0000
1995-08-31,47.2500,47.5000,46.5000,47.5000,3.7050,32400,0.0000,1.0000
1995-08-30,47.7500,48.0000,47.0000,47.0000,3.6660,27700,0.0000,1.0000
1995-08-29,47.5000,48.0000,46.7500,47.7500,3.7245,185400,0.0000,1.0000
1995-08-28,46.0000,47.5000,46.0000,47.4400,3.7004,124400,0.0000,1.0000
1995-08-25,46.0000,46.5000,46.0000,46.2500,3.6075,3200,0.0000,1.0000
1995-08-24,46.5000,47.0000,46.0000,46.5000,3.6270,185600,0.0000,1.0000
1995-08-23,47.0200,48.7500,47.0000,48.7500,3.8026,210000,0.0000,1.0000
1995-08-22,45.7700,47.5000,45.7500,47.5000,3.7050,184400,0.0000,1.0000
1995-08-21,46.0000,46.2500,45.5000,45.7500,3.5685,78300,0.0000,1.0000
1995-08-18,45.8800,48.1300,45.8800,48.1300,3.7542,131200,0.0000,1.0000
1995-08-17,48.3800,50.6300,48.3800,50.6300,3.9492,244400,0.0000,1.0000
1995-08-16,45.0000,47.2500,45.0000,47.2500,3.6855,575000,0.0000,1.0000
1995-08-15,45.0000,45.7500,43.7500,45.3800,3.5397,247200,0.0000,1.0000
1995-08-14,43.7500,45.2500,43.2500,45.0000,3.5100,188400,0.0000,1.0000
1995-08-11,43.7500,46.0000,43.7500,46.0000,3.5880,123400,0.0000,1.0000
1995-08-10,41.7500,44.0000,41.7500,44.0000,3.4320,227800,0.0000,1.0000
1995-08-09,42.5000,43.0000,41.7500,42.2500,3.2955,86900,0.0000,1.0000
1995-08-08,43.0000,43.5000,42.7500,43.0000,3.3540,42500,0.0000,1.0000
1995-08-07,44.1300,44.5000,43.0000,43.0000,3.3540,98100,0.0000,1.0000
1995-08-04,44.3800,44.8800,44.0000,44.5000,3.4710,67300,0.0000,1.0000
1995-08-03,43.2500,44.5000,43.0000,44.0600,3.4367,206900,0.0000,1.0000
1995-08-02,42.5000,43.7500,42.2500,43.2500,3.3735,135100,0.0000,1.0000
1995-08-01,44.0000,45.7500,43.7500,45.7500,3.5685,175800,0.0000,1.0000
1995-07-31,40.5000,42.2500,40.2500,42.2500,3.2955,366100,0.0000,1.0000
1995-07-28,40.0000,41.2500,40.0000,41.2500,3.2175,231700,0.0000,1.0000
1995-07-27,38.2500,39.5000,38.2500,39.5000,3.0810,258700,0.0000,1.0000
1995-07-26,38.0000,39.8800,37.7500,39.7500,3.1005,66900,0.0000,1.0000
1995-07-25,36.2500,38.1300,36.0000,38.0000,2.9640,179900,0.0000,1.0000
1995-07-24,34.2500,36.1300,34.0000,36.0000,2.8080,175400,0.0000,1.0000
1995-07-21,34.1300,34.5000,33.7500,34.2500,2.6715,82100,0.0000,1.0000
1995-07-20,34.7500,35.2500,33.3800,33.3800,2.6037,100000,0.0000,1.0000
1995-07-19,36.5000,37.0000,35.1300,35.1300,2.7402,178000,0.0000,1.0000
1995-07-18,38.0000,38.0000,36.8800,37.0000,2.8860,309800,0.0000,1.0000
1995-07-17,37.7500,38.0000,37.2500,37.7500,2.9445,125200,0.0000,1.0000
1995-07-14,37.5000,37.7500,37.2500,37.7500,2.9445,231300,0.0000,1.0000
1995-07-13,37.5000,37.7500,37.0000,37.3800,2.9157,274400,0.0000,1.0000
1995-07-12,38.5000,38.5000,37.7500,37.7500,2.9445,30900,0.0000,1.0000
1995-07-11,39.0000,39.0000,38.2500,38.2500,2.9835,38900,0.0000,1.0000
1995-07-10,40.5000,40.7500,38.7500,39.5000,3.0810,135600,0.0000,1.0000
1995-07-07,39.7500,41.1300,39.5000,40.2500,3.1395,631200,0.0000,1.0000
1995-07-06,38.0000,39.7500,37.5000,39.7500,3.1005,167600,0.0000,1.0000
1995-07-05,38.2500,38.5000,37.7500,37.7500,2.9445,81200,0.0000,1.0000
1995-07-03,38.7500,38.7500,38.2500,38.2500,2.9835,10700,0.0000,1.0000
1995-06-30,38.0000,38.7500,38.0000,38.5000,3.0030,136000,0.0000,1.0000
1995-06-29,38.0000,38.5000,38.0000,38.5000,3.0030,32100,0.0000,1.0000
1995-06-28,38.0000,38.5000,38.0000,38.1300,2.9742,42100,0.0000,1.0000
1995-06-27,38.5000,38.7500,38.0000,38.0000,2.9640,93900,0.0000,1.0000
1995-06-26,39.0000,39.0000,38.5000,38.7500,3.0225,74000,0.0000,1.0000
1995-06-23,39.0000,39.5000,39.0000,39.2500,3.0615,145100,0.0000,1.0000
1995-06-22,38.7500,39.5000,38.5000,39.5000,3.0810,147500,0.0000,1.0000
1995-06-21,37.0000,39.2500,37.0000,39.0000,3.0420,460600,0.0000,1.0000
1995-06-20,36.2500,36.7500,36.0000,36.5000,2.8470,195600,0.1600,1.0000
1995-06-19,36.0000,36.2500,35.5000,36.2500,2.8152,43800,0.0000,1.0000
1995-06-16,36.2500,36.7500,35.7500,35.9400,2.7911,40400,0.0000,1.0000
1995-06-15,36.7500,36.7500,36.2500,36.6300,2.8447,60400,0.0000,1.0000
1995-06-14,36.7500,36.7500,36.2500,36.2500,2.8152,198400,0.0000,1.0000
1995-06-13,36.2500,36.7500,36.0000,36.2500,2.8152,80400,0.0000,1.0000
1995-06-12,35.5000,36.5000,35.5000,36.0000,2.7958,49900,0.0000,1.0000
1995-06-09,36.5000,36.7500,35.5000,35.7500,2.7764,73400,0.0000,1.0000
1995-06-08,36.7500,36.7500,36.2500,36.7500,2.8540,31600,0.0000,1.0000
1995-06-07,36.5000,36.7500,36.2500,36.2500,2.8152,54300,0.0000,1.0000
1995-06-06,38.2500,38.6300,36.6300,37.0000,2.8734,154300,0.0000,1.0000
1995-06-05,36.5000,38.7500,36.5000,38.3800,2.9806,160700,0.0000,1.0000
1995-06-02,36.0000,37.0000,36.0000,36.5000,2.8346,198000,0.0000,1.0000
1995-06-01,36.5000,36.7500,36.0000,36.0000,2.7958,35400,0.0000,1.0000
1995-05-31,36.7500,37.0000,36.5000,36.5000,2.8346,109100,0.0000,1.0000
1995-05-30,37.2500,37.5000,36.7500,36.7500,2.8540,55500,0.0000,1.0000
1995-05-26,37.5600,38.0000,37.2500,37.3800,2.9030,90900,0.0000,1.0000
1995-05-25,37.2500,38.0000,37.2500,37.7500,2.9317,33800,0.0000,1.0000
1995-05-24,37.5000,38.0000,37.2500,37.3800,2.9030,103800,0.0000,1.0000
1995-05-23,37.2500,38.0000,37.2500,37.5000,2.9123,75300,0.0000,1.0000
1995-05-22,37.2500,37.7500,37.2500,37.3800,2.9030,90600,0.0000,1.0000
1995-05-19,37.5000,37.7500,37.2500,37.7500,2.9317,39700,0.0000,1.0000
1995-05-18,38.5000,38.5000,37.7500,37.7500,2.9317,55500,0.0000,1.0000
1995-05-17,37.7500,38.5000,37.7500,38.3800,2.9806,79600,0.0000,1.0000
1995-05-16,37.0000,38.2500,37.0000,38.0000,2.9511,69600,0.0000,1.0000
1995-05-15,37.7500,37.7500,37.2500,37.3100,2.8975,91300,0.0000,1.0000
1995-05-12,38.1900,38.2500,37.2500,37.6300,2.9224,75400,0.0000,1.0000
1995-05-11,38.5000,38.5000,37.7500,38.0000,2.9511,82700,0.0000,1.0000
1995-05-10,39.2500,39.2500,38.0000,38.5000,2.9899,171000,0.0000,1.0000
1995-05-09,36.7500,39.7500,36.7500,39.0000,3.0288,545400,0.0000,1.0000
1995-05-08,36.7500,36.7500,36.1300,36.7500,2.8540,115700,0.0000,1.0000
1995-05-05,36.7500,36.7500,35.7500,36.7500,2.8540,147000,0.0000,1.0000
1995-05-04,35.7500,36.7500,35.7500,36.5000,2.8346,150400,0.0000,1.0000
1995-05-03,35.7500,36.5000,35.7500,36.1300,2.8059,198700,0.0000,1.0000
1995-05-02,36.8100,37.2500,35.2500,35.8800,2.7865,114500,0.0000,1.0000
1995-05-01,36.7500,37.5000,36.2500,37.0000,2.8734,133300,0.0000,1.0000
1995-04-28,36.3800,36.7500,36.2500,36.7500,2.8540,53000,0.0000,1.0000
1995-04-27,36.7500,36.7500,36.3800,36.7500,2.8540,21400,0.0000,1.0000
1995-04-26,36.2500,36.8800,36.2500,36.7500,2.8540,28100,0.0000,1.0000
1995-04-25,36.6300,37.0000,36.5000,36.5000,2.8346,48500,0.0000,1.0000
1995-04-24,36.3800,37.0000,36.3800,36.6300,2.8447,42400,0.0000,1.0000
1995-04-21,36.0000,36.8800,35.6300,36.6300,2.8447,149000,0.0000,1.0000
1995-04-20,35.5000,36.0000,35.5000,35.7500,2.7764,4100,0.0000,1.0000
1995-04-19,36.5000,36.7500,35.5000,35.6300,2.7670,135800,0.0000,1.0000
1995-04-18,37.2500,37.7500,37.0000,37.0000,2.8734,157900,0.0000,1.0000
1995-04-17,39.0000,39.0000,37.2500,37.2500,2.8929,74100,0.0000,1.0000
1995-04-13,38.7500,39.2500,38.2500,38.5000,2.9899,182900,0.0000,1.0000
1995-04-12,39.2500,39.2500,38.7500,38.8800,3.0194,328300,0.0000,1.0000
1995-04-11,38.5000,41.0000,38.3800,40.2500,3.1258,383000,0.0000,1.0000
1995-04-10,37.0000,38.6300,36.7500,38.6300,3.0000,163800,0.0000,1.0000
1995-04-07,38.0000,38.2500,37.0000,37.2500,2.8929,87500,0.0000,1.0000
1995-04-06,37.7500,38.5000,37.2500,38.3800,2.9806,102300,0.0000,1.0000
1995-04-05,38.5000,38.7500,37.7500,38.2500,2.9705,21000,0.0000,1.0000
1995-04-04,38.2500,38.7500,37.2500,38.6300,3.0000,362800,0.0000,1.0000
1995-04-03,36.0000,38.6300,36.0000,38.6300,3.0000,439300,0.0000,1.0000
1995-03-31,35.5000,36.3800,35.2500,36.3800,2.8253,127900,0.0000,1.0000
1995-03-30,35.5000,36.0000,35.2500,35.2500,2.7375,24900,0.0000,1.0000
1995-03-29,34.5000,37.2500,34.5000,35.7500,2.7764,409900,0.0000,1.0000
1995-03-28,33.5000,35.0000,33.5000,34.8800,2.7088,260300,0.0000,1.0000
1995-03-27,33.5000,34.1300,32.7500,33.7500,2.6210,96500,0.0000,1.0000
1995-03-24,32.0000,33.7500,32.0000,33.3800,2.5923,132600,0.0000,1.0000
1995-03-23,31.2500,31.7500,31.2500,31.2500,2.4269,85200,0.0000,1.0000
1995-03-22,31.0000,31.7500,30.7500,31.2500,2.4269,315700,0.0000,1.0000
1995-03-21,31.2500,31.7500,31.0000,31.0000,2.4075,22600,0.0000,1.0000
1995-03-20,32.2500,33.0000,31.2500,31.2500,2.4269,153500,0.1600,1.0000
1995-03-17,33.0000,33.0000,32.2500,32.2500,2.4918,55700,0.0000,1.0000
1995-03-16,33.0000,33.5000,32.5000,32.7500,2.5304,68700,0.0000,1.0000
1995-03-15,33.5000,33.7500,33.0000,33.2500,2.5691,82600,0.0000,1.0000
1995-03-14,33.2500,34.0000,33.2500,33.7500,2.6077,58400,0.0000,1.0000
1995-03-13,33.5000,33.6300,33.0000,33.5000,2.5884,82800,0.0000,1.0000
1995-03-10,33.5000,33.5000,33.0000,33.2500,2.5691,14300,0.0000,1.0000
1995-03-09,33.2500,33.5000,32.7500,33.0000,2.5497,37500,0.0000,1.0000
1995-03-08,32.7500,33.2500,32.5000,32.8800,2.5405,133300,0.0000,1.0000
1995-03-07,32.5000,33.0000,32.2500,33.0000,2.5497,76600,0.0000,1.0000
1995-03-06,31.7500,32.7500,31.7500,32.5000,2.5111,43000,0.0000,1.0000
1995-03-03,32.7500,32.7500,31.5000,31.7500,2.4532,79700,0.0000,1.0000
1995-03-02,32.5000,32.7500,32.2500,32.2500,2.4918,78300,0.0000,1.0000
1995-03-01,31.6300,32.7500,31.5000,32.5000,2.5111,120300,0.0000,1.0000
1995-02-28,31.5000,32.0000,31.3800,32.0000,2.4725,98700,0.0000,1.0000
1995-02-27,31.7500,31.7500,31.5000,31.5600,2.4385,36000,0.0000,1.0000
1995-02-24,31.7500,32.0000,31.5000,31.7500,2.4532,95400,0.0000,1.0000
1995-02-23,32.0000,32.2500,31.7500,32.2500,2.4918,136400,0.0000,1.0000
1995-02-22,31.6300,32.0000,31.5000,31.5000,2.4338,33700,0.0000,1.0000
1995-02-21,32.2500,32.2500,31.5000,31.7500,2.4532,25800,0.0000,1.0000
1995-02-17,31.7500,32.1300,31.2500,31.7500,2.4532,148200,0.0000,1.0000
1995-02-16,32.5000,32.5000,31.5000,32.1300,2.4825,316600,0.0000,1.0000
1995-02-15,31.7500,33.1300,31.7500,32.2500,2.4918,304100,0.0000,1.0000
1995-02-14,31.5000,32.0000,31.2500,31.7500,2.4532,145400,0.0000,1.0000
1995-02-13,30.2500,31.7500,29.7500,31.6300,2.4439,199000,0.0000,1.0000
1995-02-10,29.2500,30.2500,29.2500,30.2500,2.3373,97900,0.0000,1.0000
1995-02-09,29.6300,29.7500,29.2500,29.7500,2.2986,52000,0.0000,1.0000
1995-02-08,28.2500,29.7500,28.2500,29.2500,2.2600,173300,0.0000,1.0000
1995-02-07,28.5000,28.7500,28.2500,28.5000,2.2021,209100,0.0000,1.0000
1995-02-06,28.5000,28.7500,28.2500,28.5000,2.2021,210600,0.0000,1.0000
1995-02-03,27.7500,28.7500,27.7500,28.2500,2.1827,357800,0.0000,1.0000
1995-02-02,28.0000,28.0000,27.2500,27.5000,2.1248,75100,0.0000,1.0000
1995-02-01,27.5000,28.0000,27.2500,28.0000,2.1634,86500,0.0000,1.0000
1995-01-31,27.2500,27.5000,27.2500,27.5000,2.1248,286700,0.0000,1.0000
1995-01-30,28.0000,28.0000,27.2500,27.7500,2.1441,111400,0.0000,1.0000
1995-01-27,27.2500,28.0000,27.2500,28.0000,2.1634,15100,0.0000,1.0000
1995-01-26,27.7500,27.7500,27.5000,27.7500,2.1441,95900,0.0000,1.0000
1995-01-25,27.0000,27.7500,27.0000,27.7500,2.1441,50000,0.0000,1.0000
1995-01-24,28.0000,28.0000,27.1300,27.1300,2.0962,69100,0.0000,1.0000
1995-01-23,27.5000,28.0000,27.2500,27.8800,2.1541,90200,0.0000,1.0000
1995-01-20,27.7500,28.0000,27.5000,27.7500,2.1441,90800,0.0000,1.0000
1995-01-19,28.7500,28.7500,28.0000,28.0000,2.1634,22200,0.0000,1.0000
1995-01-18,29.5000,29.5000,28.2500,28.5000,2.2021,93700,0.0000,1.0000
1995-01-17,29.7500,30.0000,29.5000,30.0000,2.3180,41000,0.0000,1.0000
1995-01-16,28.7500,30.2500,28.7500,30.0000,2.3180,172900,0.0000,1.0000
1995-01-13,27.2500,28.7500,27.0000,28.6300,2.2121,105300,0.0000,1.0000
1995-01-12,28.0000,28.0000,27.0000,27.1300,2.0962,256600,0.0000,1.0000
1995-01-11,29.2500,29.5000,27.7500,27.8800,2.1541,89300,0.0000,1.0000
1995-01-10,29.2500,30.0000,29.1300,29.1300,2.2507,67300,0.0000,1.0000
1995-01-09,29.7500,29.7500,29.2500,29.3800,2.2700,39900,0.0000,1.0000
1995-01-06,29.2500,29.5000,29.2500,29.2500,2.2600,57400,0.0000,1.0000
1995-01-05,29.2500,29.5000,29.2500,29.3100,2.2646,44100,0.0000,1.0000
1995-01-04,29.2500,29.7500,29.2500,29.3800,2.2700,98000,0.0000,1.0000
1995-01-03,29.5000,30.0000,29.2500,29.2500,2.2600,45200,0.0000,1.0000
